# HPWL: 39405
# Runtime: 1.68893 s
inst_2 108 195 0
inst_3 108 230 0
inst_4 104 0 0
inst_5 102 100 0
inst_6 102 205 0
inst_7 92 77 16
inst_8 77 77 17
inst_9 78 58 16
inst_10 76 58 24
inst_11 69 54 16
inst_12 75 54 17
inst_13 70 54 29
inst_14 69 52 16
inst_15 73 57 17
inst_16 69 57 19
inst_17 70 51 16
inst_18 70 50 17
inst_19 79 58 16
inst_20 80 58 16
inst_21 68 46 16
inst_22 60 51 17
inst_23 68 56 16
inst_24 70 48 16
inst_25 61 55 19
inst_26 58 51 24
inst_27 68 62 16
inst_28 70 55 16
inst_29 69 47 16
inst_30 72 56 16
inst_31 74 68 17
inst_32 68 47 20
inst_33 69 57 20
inst_34 69 47 18
inst_35 68 51 16
inst_36 69 54 23
inst_37 70 47 20
inst_38 69 53 22
inst_39 69 52 17
inst_40 73 56 16
inst_41 68 48 17
inst_42 85 103 16
inst_43 73 57 21
inst_44 72 66 27
inst_45 75 55 16
inst_46 75 56 16
inst_47 73 50 16
inst_48 74 55 16
inst_49 73 52 17
inst_50 70 52 22
inst_51 63 50 16
inst_52 74 58 17
inst_53 80 77 19
inst_54 69 57 21
inst_55 70 51 17
inst_56 68 54 31
inst_57 61 58 27
inst_58 69 55 16
inst_59 72 59 16
inst_60 61 55 17
inst_61 68 58 25
inst_62 72 59 20
inst_63 69 53 25
inst_64 76 66 17
inst_65 69 50 17
inst_66 69 49 18
inst_67 70 57 25
inst_68 77 55 17
inst_69 69 49 16
inst_70 69 57 22
inst_71 69 49 17
inst_72 69 46 16
inst_73 69 45 26
inst_74 70 50 19
inst_75 74 65 19
inst_76 72 48 16
inst_77 60 49 16
inst_78 59 61 29
inst_79 72 56 17
inst_80 70 49 17
inst_81 74 57 16
inst_82 63 59 19
inst_83 59 54 24
inst_84 74 59 27
inst_85 63 51 31
inst_86 77 60 16
inst_87 58 55 16
inst_88 73 62 16
inst_89 69 61 24
inst_90 74 55 26
inst_91 64 58 27
inst_92 72 58 25
inst_93 73 54 27
inst_94 90 81 25
inst_95 88 77 16
inst_96 72 47 16
inst_97 77 60 23
inst_98 84 77 16
inst_99 82 68 17
inst_100 84 72 28
inst_101 88 80 23
inst_102 83 75 16
inst_103 85 78 22
inst_104 82 70 23
inst_105 88 83 16
inst_106 88 82 29
inst_107 87 77 22
inst_108 78 71 16
inst_109 64 57 17
inst_110 75 59 17
inst_111 68 54 23
inst_112 61 58 16
inst_113 75 61 16
inst_114 61 52 24
inst_115 75 59 18
inst_116 75 60 26
inst_117 72 59 27
inst_118 70 58 31
inst_119 76 82 24
inst_120 64 77 23
inst_121 72 58 16
inst_122 72 60 25
inst_123 73 76 22
inst_124 74 76 19
inst_125 73 74 16
inst_126 69 72 17
inst_127 70 63 27
inst_128 76 76 16
inst_129 74 76 20
inst_130 76 88 16
inst_131 73 72 16
inst_132 75 73 17
inst_133 72 57 17
inst_134 75 67 28
inst_135 73 67 16
inst_136 74 60 16
inst_137 70 84 16
inst_138 74 54 18
inst_139 73 83 17
inst_140 73 67 19
inst_141 74 87 16
inst_142 75 57 19
inst_143 72 66 23
inst_144 73 62 26
inst_145 75 71 18
inst_146 69 73 17
inst_147 73 65 21
inst_148 72 66 19
inst_149 74 83 19
inst_150 64 83 23
inst_151 73 68 19
inst_152 75 69 25
inst_153 72 76 29
inst_154 73 77 16
inst_155 72 72 19
inst_156 70 86 16
inst_157 69 76 16
inst_158 72 68 16
inst_159 64 71 22
inst_160 74 61 18
inst_161 72 74 22
inst_162 73 69 25
inst_163 76 84 16
inst_164 75 65 16
inst_165 75 59 16
inst_166 74 66 17
inst_167 75 58 16
inst_168 73 58 17
inst_169 77 68 24
inst_170 75 57 16
inst_171 74 57 27
inst_172 78 69 31
inst_173 77 69 16
inst_174 74 58 16
inst_175 69 86 25
inst_176 75 75 16
inst_177 78 65 17
inst_178 90 59 16
inst_179 78 59 16
inst_180 79 68 16
inst_181 77 60 17
inst_182 76 58 18
inst_183 90 58 16
inst_184 78 58 22
inst_185 78 69 19
inst_186 76 63 18
inst_187 72 69 26
inst_188 75 70 16
inst_189 92 83 25
inst_190 87 81 17
inst_191 91 84 25
inst_192 86 77 16
inst_193 85 80 16
inst_194 90 84 16
inst_195 93 87 16
inst_196 93 88 16
inst_197 74 71 22
inst_198 72 75 21
inst_199 74 65 31
inst_200 76 61 16
inst_201 77 64 16
inst_202 77 65 17
inst_203 77 63 22
inst_204 72 60 29
inst_205 78 62 27
inst_206 75 62 17
inst_207 73 62 25
inst_208 76 65 16
inst_209 78 67 17
inst_210 72 83 16
inst_211 87 80 16
inst_212 85 80 17
inst_213 86 84 16
inst_214 85 82 16
inst_215 87 81 16
inst_216 85 79 30
inst_217 86 80 16
inst_218 88 81 16
inst_219 88 79 16
inst_220 91 83 16
inst_221 73 80 22
inst_222 73 76 16
inst_223 75 67 16
inst_224 75 50 16
inst_225 75 58 23
inst_226 74 51 17
inst_227 74 50 24
inst_228 74 62 26
inst_229 73 68 16
inst_230 79 61 16
inst_231 76 60 16
inst_232 77 62 16
inst_233 75 53 24
inst_234 75 57 20
inst_235 73 86 24
inst_236 70 67 18
inst_237 72 63 16
inst_238 74 60 26
inst_239 75 73 16
inst_240 72 67 19
inst_241 69 78 21
inst_242 72 68 18
inst_243 70 81 23
inst_244 72 84 16
inst_245 73 85 17
inst_246 70 74 19
inst_247 73 67 20
inst_248 74 80 31
inst_249 73 69 28
inst_250 68 85 16
inst_251 69 66 16
inst_252 59 66 19
inst_253 59 76 16
inst_254 75 59 25
inst_255 72 69 18
inst_256 72 79 17
inst_257 72 73 19
inst_258 72 62 24
inst_259 61 74 16
inst_260 68 78 16
inst_261 61 72 16
inst_262 72 71 25
inst_263 60 71 31
inst_264 73 69 20
inst_265 73 62 21
inst_266 72 70 18
inst_267 86 55 16
inst_268 77 75 16
inst_269 68 69 26
inst_270 61 60 26
inst_271 69 61 21
inst_272 69 61 17
inst_273 70 61 27
inst_274 69 65 31
inst_275 64 60 30
inst_276 70 65 26
inst_277 58 56 26
inst_278 70 64 16
inst_279 76 70 16
inst_280 63 52 16
inst_281 64 49 16
inst_282 64 50 22
inst_283 64 50 18
inst_284 64 48 17
inst_285 64 50 19
inst_286 64 51 16
inst_287 64 52 30
inst_288 63 49 25
inst_289 61 48 16
inst_290 78 69 16
inst_291 70 64 17
inst_292 70 59 29
inst_293 69 56 16
inst_294 70 59 17
inst_295 70 58 19
inst_296 69 62 18
inst_297 70 59 18
inst_298 69 57 16
inst_299 69 62 24
inst_300 70 58 16
inst_301 78 69 26
inst_302 70 52 16
inst_303 63 55 24
inst_304 72 57 16
inst_305 70 58 17
inst_306 64 55 28
inst_307 70 53 28
inst_308 64 57 21
inst_309 64 56 26
inst_310 64 56 18
inst_311 69 52 25
inst_312 80 59 16
inst_313 63 49 16
inst_314 63 47 16
inst_315 60 48 16
inst_316 61 48 17
inst_317 63 47 17
inst_318 60 49 17
inst_319 61 47 16
inst_320 72 45 16
inst_321 63 48 28
inst_322 63 49 17
inst_323 79 71 16
inst_324 57 52 16
inst_325 70 60 16
inst_326 56 50 16
inst_327 69 57 17
inst_328 69 60 17
inst_329 56 52 16
inst_330 74 61 16
inst_331 69 60 18
inst_332 69 58 17
inst_333 63 54 17
inst_334 80 68 16
inst_335 68 55 16
inst_336 64 50 16
inst_337 69 54 17
inst_338 69 56 24
inst_339 61 49 23
inst_340 69 57 18
inst_341 70 50 21
inst_342 63 50 17
inst_343 63 51 20
inst_344 68 53 22
inst_345 78 70 16
inst_346 59 54 25
inst_347 63 50 18
inst_348 57 51 22
inst_349 60 53 16
inst_350 57 56 16
inst_351 68 54 24
inst_352 70 55 17
inst_353 63 53 16
inst_354 64 58 23
inst_355 60 54 16
inst_356 78 72 16
inst_357 60 53 29
inst_358 61 51 16
inst_359 63 50 29
inst_360 56 55 16
inst_361 63 49 29
inst_362 68 49 16
inst_363 60 52 16
inst_364 68 51 17
inst_365 68 53 17
inst_366 64 60 25
inst_367 74 74 18
inst_368 58 52 21
inst_369 58 57 16
inst_370 56 57 16
inst_371 54 56 16
inst_372 70 63 16
inst_373 56 53 16
inst_374 54 57 16
inst_375 70 63 17
inst_376 69 64 21
inst_377 56 52 17
inst_378 77 45 16
inst_379 74 70 16
inst_380 72 86 16
inst_381 72 69 21
inst_382 74 59 24
inst_383 72 58 20
inst_384 72 70 16
inst_385 70 83 16
inst_386 75 63 16
inst_387 69 79 16
inst_388 72 87 16
inst_389 73 82 16
inst_390 75 68 23
inst_391 72 71 29
inst_392 69 69 24
inst_393 74 76 16
inst_394 73 78 22
inst_395 70 79 16
inst_396 74 78 30
inst_397 72 88 17
inst_398 68 80 16
inst_399 70 69 22
inst_400 72 73 16
inst_401 75 64 16
inst_402 61 73 26
inst_403 68 76 16
inst_404 69 85 16
inst_405 61 74 17
inst_406 64 72 16
inst_407 60 72 18
inst_408 68 74 21
inst_409 69 74 28
inst_410 68 70 21
inst_411 68 76 21
inst_412 80 49 16
inst_413 64 74 26
inst_414 63 74 24
inst_415 61 69 16
inst_416 68 71 16
inst_417 63 72 16
inst_418 68 85 17
inst_419 69 74 31
inst_420 68 81 17
inst_421 61 69 17
inst_422 63 72 21
inst_423 76 65 28
inst_424 70 68 17
inst_425 70 69 21
inst_426 69 69 16
inst_427 70 67 27
inst_428 69 68 16
inst_429 70 68 30
inst_430 68 69 30
inst_431 69 71 18
inst_432 68 79 16
inst_433 70 68 16
inst_434 70 74 16
inst_435 70 85 16
inst_436 70 75 26
inst_437 70 76 26
inst_438 69 78 29
inst_439 69 75 22
inst_440 82 45 16
inst_441 68 75 16
inst_442 68 76 17
inst_443 68 76 18
inst_444 72 89 16
inst_445 73 63 17
inst_446 68 79 17
inst_447 72 80 16
inst_448 74 75 23
inst_449 70 75 16
inst_450 70 85 18
inst_451 73 74 18
inst_452 70 73 18
inst_453 69 89 16
inst_454 73 88 16
inst_455 69 73 28
inst_456 60 73 16
inst_457 69 79 22
inst_458 68 78 17
inst_459 75 95 16
inst_460 69 80 25
inst_461 69 78 24
inst_462 70 80 27
inst_463 73 81 21
inst_464 69 76 23
inst_465 69 77 23
inst_466 68 82 28
inst_467 64 64 16
inst_468 69 73 16
inst_469 69 77 21
inst_470 64 77 30
inst_471 63 73 24
inst_472 64 76 23
inst_473 64 80 22
inst_474 69 79 17
inst_475 63 75 16
inst_476 64 75 16
inst_477 69 72 31
inst_478 70 73 28
inst_479 72 66 30
inst_480 70 78 22
inst_481 73 89 16
inst_482 70 89 31
inst_483 72 83 19
inst_484 73 78 17
inst_485 70 75 25
inst_486 72 80 17
inst_487 73 96 16
inst_488 72 83 17
inst_489 76 47 16
inst_490 74 62 22
inst_491 75 73 25
inst_492 69 78 22
inst_493 73 57 18
inst_494 73 57 19
inst_495 68 70 25
inst_496 69 87 16
inst_497 68 78 18
inst_498 68 69 27
inst_499 70 78 24
inst_500 74 74 25
inst_501 69 69 19
inst_502 60 63 20
inst_503 64 62 28
inst_504 70 63 18
inst_505 70 66 17
inst_506 73 53 16
inst_507 69 68 18
inst_508 73 51 16
inst_509 63 63 26
inst_510 72 54 16
inst_511 74 61 24
inst_512 75 78 16
inst_513 64 63 16
inst_514 61 64 16
inst_515 70 70 24
inst_516 70 62 16
inst_517 61 63 17
inst_518 68 73 19
inst_519 68 68 30
inst_520 70 61 16
inst_521 68 69 23
inst_522 69 69 25
inst_523 72 61 16
inst_524 70 66 18
inst_525 73 70 18
inst_526 70 59 19
inst_527 61 63 18
inst_528 68 63 16
inst_529 70 66 24
inst_530 64 67 17
inst_531 75 63 20
inst_532 69 63 18
inst_533 72 74 16
inst_534 73 69 17
inst_535 72 54 17
inst_536 69 67 17
inst_537 70 61 19
inst_538 73 58 29
inst_539 69 67 18
inst_540 69 64 31
inst_541 70 69 16
inst_542 70 66 19
inst_543 72 64 20
inst_544 69 63 17
inst_545 69 65 19
inst_546 68 76 24
inst_547 73 67 21
inst_548 72 78 24
inst_549 69 76 26
inst_550 70 55 18
inst_551 70 76 17
inst_552 70 65 31
inst_553 70 62 17
inst_554 72 62 21
inst_555 70 76 19
inst_556 74 70 17
inst_557 69 69 18
inst_558 69 66 18
inst_559 72 52 16
inst_560 69 72 24
inst_561 72 67 20
inst_562 68 65 26
inst_563 69 68 27
inst_564 68 61 22
inst_565 64 62 16
inst_566 63 62 16
inst_567 74 65 16
inst_568 69 62 27
inst_569 69 64 30
inst_570 74 50 16
inst_571 74 50 17
inst_572 70 61 20
inst_573 70 56 29
inst_574 74 51 16
inst_575 68 62 17
inst_576 69 65 16
inst_577 74 49 16
inst_578 61 59 25
inst_579 70 62 18
inst_580 72 65 16
inst_581 74 71 16
inst_582 74 74 29
inst_583 73 64 16
inst_584 69 63 16
inst_585 73 76 17
inst_586 70 63 20
inst_587 70 63 21
inst_588 68 64 16
inst_589 76 73 16
inst_590 70 68 25
inst_591 73 72 17
inst_592 72 73 27
inst_593 73 76 20
inst_594 74 76 21
inst_595 72 75 28
inst_596 74 73 17
inst_597 73 73 27
inst_598 73 74 17
inst_599 72 66 17
inst_600 74 59 16
inst_601 77 78 16
inst_602 72 62 16
inst_603 72 59 31
inst_604 72 62 17
inst_605 68 60 23
inst_606 73 61 25
inst_607 72 62 19
inst_608 76 64 31
inst_609 69 71 19
inst_610 69 73 18
inst_611 74 59 28
inst_612 75 71 16
inst_613 73 64 20
inst_614 70 73 16
inst_615 70 58 20
inst_616 75 58 17
inst_617 68 78 19
inst_618 70 63 19
inst_619 70 75 17
inst_620 68 78 20
inst_621 70 77 17
inst_622 73 64 21
inst_623 74 86 18
inst_624 59 59 26
inst_625 58 64 16
inst_626 61 62 16
inst_627 60 66 16
inst_628 59 63 16
inst_629 61 62 18
inst_630 58 61 28
inst_631 59 62 16
inst_632 70 71 18
inst_633 59 63 18
inst_634 74 74 16
inst_635 70 74 21
inst_636 69 68 17
inst_637 70 72 19
inst_638 68 73 31
inst_639 70 68 18
inst_640 69 74 23
inst_641 70 69 17
inst_642 69 70 19
inst_643 69 74 21
inst_644 68 71 18
inst_645 69 73 21
inst_646 73 65 19
inst_647 70 86 17
inst_648 73 67 17
inst_649 60 71 16
inst_650 69 78 16
inst_651 73 66 16
inst_652 70 71 16
inst_653 72 73 17
inst_654 69 85 17
inst_655 72 64 30
inst_656 76 55 17
inst_657 72 70 21
inst_658 68 76 19
inst_659 68 73 24
inst_660 69 72 25
inst_661 68 76 20
inst_662 74 67 25
inst_663 69 73 30
inst_664 68 77 19
inst_665 68 72 21
inst_666 74 64 18
inst_667 73 70 16
inst_668 73 66 21
inst_669 72 75 16
inst_670 74 76 17
inst_671 72 72 16
inst_672 74 74 17
inst_673 72 65 22
inst_674 72 72 18
inst_675 73 76 18
inst_676 72 65 26
inst_677 69 76 17
inst_678 75 72 20
inst_679 69 71 22
inst_680 70 80 28
inst_681 70 90 17
inst_682 73 89 25
inst_683 78 75 26
inst_684 60 73 25
inst_685 70 72 17
inst_686 70 74 22
inst_687 70 76 20
inst_688 69 82 16
inst_689 63 58 29
inst_690 72 78 16
inst_691 69 73 19
inst_692 69 81 17
inst_693 61 71 16
inst_694 73 60 16
inst_695 63 74 16
inst_696 74 58 18
inst_697 75 67 26
inst_698 75 90 16
inst_699 72 66 20
inst_700 76 71 16
inst_701 68 66 16
inst_702 69 67 19
inst_703 70 69 28
inst_704 69 67 23
inst_705 73 51 17
inst_706 68 69 16
inst_707 69 67 20
inst_708 74 49 17
inst_709 76 57 30
inst_710 69 64 19
inst_711 74 53 17
inst_712 76 70 25
inst_713 73 61 17
inst_714 82 71 16
inst_715 74 60 23
inst_716 77 60 26
inst_717 63 61 17
inst_718 79 64 18
inst_719 76 51 16
inst_720 63 52 18
inst_721 76 58 19
inst_722 78 56 20
inst_723 74 66 16
inst_724 90 77 16
inst_725 74 61 29
inst_726 68 51 20
inst_727 75 52 16
inst_728 69 52 23
inst_729 78 61 16
inst_730 79 53 16
inst_731 74 56 16
inst_732 76 63 17
inst_733 70 60 24
inst_734 69 77 22
inst_735 74 65 17
inst_736 75 52 17
inst_737 74 54 17
inst_738 64 56 17
inst_739 63 51 18
inst_740 73 61 16
inst_741 69 47 17
inst_742 78 51 16
inst_743 68 83 17
inst_744 73 59 16
inst_745 77 54 19
inst_746 69 61 16
inst_747 77 54 16
inst_748 77 53 16
inst_749 75 58 24
inst_750 64 59 16
inst_751 73 60 28
inst_752 72 59 22
inst_753 72 55 17
inst_754 63 59 18
inst_755 68 74 24
inst_756 72 88 18
inst_757 77 67 21
inst_758 75 54 16
inst_759 75 56 24
inst_760 74 57 17
inst_761 77 56 16
inst_762 78 67 23
inst_763 77 59 17
inst_764 75 57 17
inst_765 64 54 29
inst_766 70 59 22
inst_767 75 65 18
inst_768 64 56 31
inst_769 73 57 20
inst_770 63 51 24
inst_771 76 57 16
inst_772 73 64 22
inst_773 75 57 21
inst_774 76 62 25
inst_775 70 59 16
inst_776 76 53 16
inst_777 70 50 20
inst_778 70 81 22
inst_779 70 61 25
inst_780 72 62 18
inst_781 72 53 16
inst_782 73 60 30
inst_783 70 58 29
inst_784 72 51 19
inst_785 74 60 24
inst_786 85 77 21
inst_787 79 62 16
inst_788 64 61 30
inst_789 69 78 17
inst_790 83 78 23
inst_791 73 59 20
inst_792 69 58 18
inst_793 72 62 28
inst_794 74 47 16
inst_795 79 66 16
inst_796 73 51 28
inst_797 77 54 17
inst_798 76 58 17
inst_799 84 72 25
inst_800 76 67 16
inst_801 73 57 16
inst_802 77 71 22
inst_803 83 76 28
inst_804 72 52 17
inst_805 72 58 18
inst_806 72 50 16
inst_807 77 54 18
inst_808 72 63 21
inst_809 75 57 18
inst_810 77 65 22
inst_811 70 74 17
inst_812 60 70 16
inst_813 78 53 16
inst_814 60 69 24
inst_815 59 69 16
inst_816 78 61 17
inst_817 58 70 19
inst_818 74 69 17
inst_819 76 51 25
inst_820 73 47 16
inst_821 64 75 17
inst_822 83 65 23
inst_823 70 66 16
inst_824 74 71 17
inst_825 74 69 16
inst_826 72 71 16
inst_827 76 62 31
inst_828 72 67 21
inst_829 68 72 30
inst_830 74 72 17
inst_831 69 64 17
inst_832 68 72 19
inst_833 73 78 19
inst_834 77 73 16
inst_835 70 72 18
inst_836 69 73 20
inst_837 70 69 18
inst_838 70 68 21
inst_839 69 74 19
inst_840 72 71 21
inst_841 69 71 16
inst_842 70 72 20
inst_843 75 69 17
inst_844 70 82 18
inst_845 70 72 16
inst_846 72 66 18
inst_847 59 65 16
inst_848 73 69 16
inst_849 70 75 20
inst_850 70 68 22
inst_851 69 64 23
inst_852 63 67 23
inst_853 70 76 18
inst_854 69 74 24
inst_855 68 76 23
inst_856 73 66 17
inst_857 75 68 16
inst_858 73 74 28
inst_859 72 69 16
inst_860 72 77 17
inst_861 70 67 19
inst_862 70 87 16
inst_863 73 64 17
inst_864 72 71 17
inst_865 73 67 18
inst_866 73 63 16
inst_867 77 65 16
inst_868 69 70 16
inst_869 72 71 23
inst_870 70 71 17
inst_871 69 74 18
inst_872 69 84 27
inst_873 70 74 18
inst_874 73 69 18
inst_875 74 72 16
inst_876 70 66 22
inst_877 70 70 20
inst_878 76 75 30
inst_879 75 71 17
inst_880 61 66 27
inst_881 69 66 17
inst_882 73 72 21
inst_883 73 58 26
inst_884 78 65 16
inst_885 73 74 21
inst_886 73 79 16
inst_887 76 56 16
inst_888 73 62 19
inst_889 70 60 19
inst_890 69 66 19
inst_891 61 68 18
inst_892 64 69 22
inst_893 72 73 18
inst_894 70 66 20
inst_895 69 71 17
inst_896 68 73 22
inst_897 70 66 21
inst_898 70 71 19
inst_899 73 64 19
inst_900 73 60 23
inst_901 74 71 31
inst_902 70 74 26
inst_903 68 69 21
inst_904 70 78 18
inst_905 72 72 17
inst_906 68 65 17
inst_907 73 72 18
inst_908 74 63 16
inst_909 69 76 29
inst_910 70 81 16
inst_911 77 58 16
inst_912 74 73 16
inst_913 74 75 18
inst_914 74 69 18
inst_915 64 68 17
inst_916 73 58 16
inst_917 72 66 16
inst_918 73 75 31
inst_919 69 75 27
inst_920 73 60 22
inst_921 73 71 31
inst_922 77 70 16
inst_923 70 81 24
inst_924 68 73 20
inst_925 69 63 24
inst_926 72 70 17
inst_927 63 69 30
inst_928 70 66 25
inst_929 60 64 16
inst_930 70 74 20
inst_931 70 68 19
inst_932 63 67 27
inst_933 77 66 16
inst_934 70 67 16
inst_935 72 88 25
inst_936 70 76 27
inst_937 75 70 17
inst_938 70 80 31
inst_939 73 83 16
inst_940 74 80 20
inst_941 72 89 17
inst_942 70 86 25
inst_943 77 57 25
inst_944 70 81 29
inst_945 74 70 18
inst_946 74 79 16
inst_947 69 86 16
inst_948 69 83 26
inst_949 60 75 16
inst_950 72 105 16
inst_951 70 67 20
inst_952 61 78 16
inst_953 73 84 16
inst_954 70 84 18
inst_955 75 77 16
inst_956 75 66 16
inst_957 72 88 16
inst_958 68 81 16
inst_959 70 82 16
inst_960 73 59 22
inst_961 72 80 18
inst_962 75 59 19
inst_963 75 86 31
inst_964 75 91 16
inst_965 76 77 16
inst_966 73 68 17
inst_967 73 64 18
inst_968 76 91 16
inst_969 73 94 16
inst_970 75 88 16
inst_971 75 96 16
inst_972 75 67 17
inst_973 76 92 16
inst_974 74 93 16
inst_975 74 67 16
inst_976 73 70 17
inst_977 76 76 17
inst_978 76 70 30
inst_979 75 93 16
inst_980 64 78 26
inst_981 74 70 26
inst_982 73 78 18
inst_983 73 76 21
inst_984 74 70 23
inst_985 72 70 19
inst_986 70 88 29
inst_987 70 74 25
inst_988 74 92 16
inst_989 74 62 17
inst_990 70 75 18
inst_991 68 82 18
inst_992 72 67 18
inst_993 69 80 16
inst_994 69 79 20
inst_995 70 73 24
inst_996 61 75 16
inst_997 73 76 19
inst_998 74 88 16
inst_999 73 65 16
inst_1000 72 67 16
inst_1001 74 70 19
inst_1002 76 57 17
inst_1003 72 77 25
inst_1004 75 67 27
inst_1005 76 52 16
inst_1006 72 69 17
inst_1007 75 55 17
inst_1008 73 68 18
inst_1009 72 69 19
inst_1010 75 66 17
inst_1011 75 60 31
inst_1012 70 62 31
inst_1013 70 81 17
inst_1014 70 84 17
inst_1015 72 76 16
inst_1016 74 76 18
inst_1017 74 80 16
inst_1018 64 74 22
inst_1019 68 85 18
inst_1020 73 89 28
inst_1021 73 78 16
inst_1022 70 80 24
inst_1023 72 82 16
inst_1024 70 82 17
inst_1025 72 80 20
inst_1026 70 76 16
inst_1027 74 67 30
inst_1028 73 85 16
inst_1029 70 68 20
inst_1030 73 66 25
inst_1031 69 82 20
inst_1032 68 72 17
inst_1033 72 70 30
inst_1034 72 81 28
inst_1035 68 66 18
inst_1036 73 78 21
inst_1037 73 81 17
inst_1038 70 80 16
inst_1039 72 80 19
inst_1040 74 91 22
inst_1041 75 88 17
inst_1042 68 64 17
inst_1043 68 73 26
inst_1044 76 45 16
inst_1045 76 68 16
inst_1046 87 77 25
inst_1047 73 55 23
inst_1048 82 72 16
inst_1049 75 65 17
inst_1050 72 58 24
inst_1051 80 66 26
inst_1052 74 52 16
inst_1053 64 50 28
inst_1054 70 53 18
inst_1055 74 64 17
inst_1056 74 67 18
inst_1057 70 50 16
inst_1058 72 55 27
inst_1059 70 64 19
inst_1060 68 62 18
inst_1061 64 50 23
inst_1062 63 56 17
inst_1063 68 54 17
inst_1064 72 57 21
inst_1065 64 79 17
inst_1066 61 50 21
inst_1067 73 73 16
inst_1068 74 108 19
inst_1069 69 54 18
inst_1070 69 59 18
inst_1071 64 66 16
inst_1072 68 50 16
inst_1073 72 56 18
inst_1074 64 49 17
inst_1075 61 58 19
inst_1076 68 57 17
inst_1077 70 60 21
inst_1078 73 73 17
inst_1079 59 58 16
inst_1080 70 52 19
inst_1081 68 48 25
inst_1082 60 65 25
inst_1083 64 56 16
inst_1084 73 54 20
inst_1085 70 50 22
inst_1086 70 58 18
inst_1087 73 54 16
inst_1088 70 53 30
inst_1089 72 71 20
inst_1090 68 48 16
inst_1091 69 55 20
inst_1092 60 53 17
inst_1093 68 53 31
inst_1094 59 50 22
inst_1095 60 65 26
inst_1096 70 46 16
inst_1097 63 53 26
inst_1098 69 51 28
inst_1099 70 49 16
inst_1100 76 66 16
inst_1101 69 57 23
inst_1102 70 55 19
inst_1103 73 52 16
inst_1104 68 51 18
inst_1105 70 54 16
inst_1106 68 52 30
inst_1107 69 60 25
inst_1108 73 59 27
inst_1109 69 62 16
inst_1110 69 55 18
inst_1111 75 74 16
inst_1112 68 50 26
inst_1113 70 64 18
inst_1114 75 51 18
inst_1115 63 46 16
inst_1116 61 52 16
inst_1117 64 50 20
inst_1118 69 50 19
inst_1119 69 48 19
inst_1120 70 59 20
inst_1121 60 62 16
inst_1122 76 62 23
inst_1123 60 50 24
inst_1124 68 50 31
inst_1125 61 60 16
inst_1126 60 55 21
inst_1127 64 50 17
inst_1128 68 57 18
inst_1129 64 48 20
inst_1130 74 54 16
inst_1131 61 55 18
inst_1132 68 51 19
inst_1133 79 65 16
inst_1134 68 58 21
inst_1135 60 50 16
inst_1136 64 52 16
inst_1137 70 52 24
inst_1138 59 51 23
inst_1139 61 52 18
inst_1140 64 65 17
inst_1141 63 57 21
inst_1142 64 53 20
inst_1143 59 55 24
inst_1144 75 68 24
inst_1145 78 66 16
inst_1146 77 64 22
inst_1147 82 66 20
inst_1148 73 49 22
inst_1149 83 72 16
inst_1150 79 56 27
inst_1151 74 70 21
inst_1152 74 52 17
inst_1153 74 59 30
inst_1154 76 59 16
inst_1155 78 60 16
inst_1156 77 62 17
inst_1157 73 107 27
inst_1158 68 68 22
inst_1159 63 61 16
inst_1160 58 59 31
inst_1161 60 56 21
inst_1162 59 52 16
inst_1163 70 62 28
inst_1164 60 57 16
inst_1165 68 65 19
inst_1166 56 52 18
inst_1167 82 65 16
inst_1168 56 57 17
inst_1169 72 105 29
inst_1170 68 63 27
inst_1171 68 87 31
inst_1172 64 85 16
inst_1173 63 87 27
inst_1174 58 67 26
inst_1175 69 91 16
inst_1176 69 90 16
inst_1177 68 84 26
inst_1178 78 64 16
inst_1179 69 60 29
inst_1180 68 68 17
inst_1181 59 52 20
inst_1182 69 62 17
inst_1183 61 55 16
inst_1184 60 74 29
inst_1185 58 58 19
inst_1186 63 85 28
inst_1187 69 95 25
inst_1188 63 64 20
inst_1189 75 56 28
inst_1190 57 53 16
inst_1191 60 60 19
inst_1192 68 90 24
inst_1193 56 59 28
inst_1194 68 65 16
inst_1195 68 91 29
inst_1196 58 62 23
inst_1197 68 92 16
inst_1198 58 56 16
inst_1199 61 56 31
inst_1200 78 54 16
inst_1201 69 60 20
inst_1202 68 94 19
inst_1203 59 68 16
inst_1204 63 84 16
inst_1205 64 84 16
inst_1206 69 60 21
inst_1207 68 96 28
inst_1208 68 95 16
inst_1209 68 102 16
inst_1210 68 63 30
inst_1211 78 73 16
inst_1212 56 58 16
inst_1213 58 63 16
inst_1214 63 60 18
inst_1215 61 61 17
inst_1216 59 64 20
inst_1217 61 58 17
inst_1218 63 84 24
inst_1219 59 56 16
inst_1220 63 59 17
inst_1221 68 73 28
inst_1222 78 72 17
inst_1223 68 59 16
inst_1224 64 70 16
inst_1225 59 55 16
inst_1226 64 83 27
inst_1227 64 71 24
inst_1228 56 61 16
inst_1229 61 57 16
inst_1230 60 58 27
inst_1231 63 58 16
inst_1232 56 61 17
inst_1233 78 55 16
inst_1234 69 100 16
inst_1235 60 58 16
inst_1236 56 54 16
inst_1237 57 54 16
inst_1238 60 56 29
inst_1239 56 55 17
inst_1240 57 55 16
inst_1241 63 56 16
inst_1242 57 57 19
inst_1243 68 100 16
inst_1244 79 70 16
inst_1245 56 56 16
inst_1246 59 57 16
inst_1247 57 55 17
inst_1248 55 57 16
inst_1249 56 51 16
inst_1250 55 54 16
inst_1251 61 63 16
inst_1252 55 51 16
inst_1253 55 50 18
inst_1254 55 56 16
inst_1255 77 65 23
inst_1256 70 55 31
inst_1257 61 52 17
inst_1258 69 59 17
inst_1259 68 67 17
inst_1260 70 60 20
inst_1261 64 50 27
inst_1262 64 57 24
inst_1263 69 59 28
inst_1264 69 58 19
inst_1265 63 52 19
inst_1266 80 66 31
inst_1269 103 90 24
inst_1270 103 90 25
inst_1271 103 90 22
inst_1272 103 90 23
inst_1273 103 90 20
inst_1274 103 90 21
inst_1275 103 90 18
inst_1276 103 90 19
inst_1277 103 90 16
inst_1278 103 90 17
inst_1279 103 90 14
inst_1280 103 90 15
inst_1281 103 90 12
inst_1282 103 90 13
inst_1283 103 90 10
inst_1284 103 90 11
inst_1285 103 90 8
inst_1286 103 90 9
inst_1287 103 90 6
inst_1288 103 90 7
inst_1289 103 90 4
inst_1290 103 90 5
inst_1291 103 90 2
inst_1292 103 90 3
inst_1293 103 60 24
inst_1294 103 60 25
inst_1295 103 60 22
inst_1296 103 60 23
inst_1297 103 60 20
inst_1298 103 60 21
inst_1299 103 60 18
inst_1300 103 60 19
inst_1301 103 60 16
inst_1302 103 60 17
inst_1303 103 60 14
inst_1304 103 60 15
inst_1305 103 60 12
inst_1306 103 60 13
inst_1307 103 60 10
inst_1308 103 60 11
inst_1309 103 60 8
inst_1310 103 60 9
inst_1311 103 60 6
inst_1312 103 60 7
inst_1313 103 60 4
inst_1314 103 60 5
inst_1315 103 60 2
inst_1316 103 60 3
inst_1317 103 90 0
inst_1318 103 90 1
inst_1319 72 71 5
inst_1320 76 70 10
inst_1321 70 79 0
inst_1322 69 79 6
inst_1323 68 71 2
inst_1324 70 75 3
inst_1325 73 80 0
inst_1326 70 70 2
inst_1327 70 80 0
inst_1328 75 91 4
inst_1329 69 79 7
inst_1330 74 76 0
inst_1331 77 58 1
inst_1332 58 56 0
inst_1333 70 52 2
inst_1334 69 58 0
inst_1335 69 58 1
inst_1336 69 54 0
inst_1337 59 56 3
inst_1338 69 56 0
inst_1339 64 57 7
inst_1340 64 55 0
inst_1341 60 55 0
inst_1342 76 75 1
inst_1343 68 60 2
inst_1344 68 97 9
inst_1345 60 61 0
inst_1346 68 90 0
inst_1347 68 102 10
inst_1348 68 60 4
inst_1349 68 91 0
inst_1350 56 54 0
inst_1351 56 56 3
inst_1352 69 60 1
inst_1353 75 74 0
inst_1354 61 57 15
inst_1355 61 56 1
inst_1356 60 55 3
inst_1357 61 55 1
inst_1358 57 56 1
inst_1359 60 57 0
inst_1360 60 56 0
inst_1361 58 54 0
inst_1362 58 53 8
inst_1363 56 56 2
inst_1364 75 68 3
inst_1365 68 55 6
inst_1366 63 50 1
inst_1367 70 56 8
inst_1368 69 50 8
inst_1369 61 50 2
inst_1370 70 55 1
inst_1371 60 50 3
inst_1372 61 50 3
inst_1373 61 48 0
inst_1374 64 55 6
inst_1375 76 70 1
inst_1376 68 77 10
inst_1377 68 79 0
inst_1378 69 79 0
inst_1379 64 82 0
inst_1380 58 70 13
inst_1381 64 77 14
inst_1382 68 76 0
inst_1383 60 72 0
inst_1384 60 70 0
inst_1385 75 82 1
inst_1386 78 73 0
inst_1387 58 56 6
inst_1388 61 55 3
inst_1389 68 62 0
inst_1390 68 65 0
inst_1391 58 56 1
inst_1392 59 56 5
inst_1393 64 60 0
inst_1394 63 53 0
inst_1395 58 55 2
inst_1396 54 57 0
inst_1397 85 110 0
inst_1398 68 51 8
inst_1399 64 50 0
inst_1400 64 48 0
inst_1401 64 51 1
inst_1402 69 50 2
inst_1403 64 51 6
inst_1404 61 49 2
inst_1405 68 50 0
inst_1406 74 60 2
inst_1407 61 50 4
inst_1408 75 66 2
inst_1409 75 58 0
inst_1410 70 54 0
inst_1411 75 55 0
inst_1412 75 54 2
inst_1413 70 51 1
inst_1414 72 54 1
inst_1415 72 52 0
inst_1416 70 57 7
inst_1417 70 50 0
inst_1418 73 59 0
inst_1419 77 68 3
inst_1420 70 82 4
inst_1421 75 78 0
inst_1422 72 83 1
inst_1423 73 84 1
inst_1424 70 85 5
inst_1425 72 67 1
inst_1426 70 85 4
inst_1427 73 82 1
inst_1428 72 100 0
inst_1429 73 80 5
inst_1430 77 67 1
inst_1431 59 63 0
inst_1432 69 70 1
inst_1433 70 72 3
inst_1434 70 73 2
inst_1435 72 75 15
inst_1436 70 72 15
inst_1437 69 70 8
inst_1438 73 72 3
inst_1439 72 72 8
inst_1440 59 63 1
inst_1441 79 65 0
inst_1442 69 74 4
inst_1443 73 68 3
inst_1444 68 62 1
inst_1445 68 63 0
inst_1446 74 75 2
inst_1447 69 62 0
inst_1448 69 64 0
inst_1449 72 64 0
inst_1450 70 64 0
inst_1451 69 68 12
inst_1452 78 62 1
inst_1453 69 67 10
inst_1454 73 61 11
inst_1455 72 66 8
inst_1456 76 58 12
inst_1457 72 61 1
inst_1458 75 69 0
inst_1459 73 61 0
inst_1460 70 71 3
inst_1461 70 71 9
inst_1462 69 63 7
inst_1463 78 67 2
inst_1464 70 77 4
inst_1465 73 67 2
inst_1466 76 92 14
inst_1467 75 100 0
inst_1468 73 74 0
inst_1469 73 66 3
inst_1470 75 87 0
inst_1471 72 72 3
inst_1472 72 75 1
inst_1473 72 60 4
inst_1474 74 67 0
inst_1475 74 66 0
inst_1476 75 58 1
inst_1477 75 61 0
inst_1478 79 66 0
inst_1479 76 65 0
inst_1480 75 63 4
inst_1481 75 64 1
inst_1482 76 62 0
inst_1483 74 62 1
inst_1484 73 61 6
inst_1485 77 62 3
inst_1486 73 65 14
inst_1487 74 73 0
inst_1488 91 85 6
inst_1489 86 80 1
inst_1490 85 77 6
inst_1491 88 80 0
inst_1492 86 82 0
inst_1493 90 84 14
inst_1494 85 82 0
inst_1495 86 84 6
inst_1496 88 81 2
inst_1497 93 86 0
inst_1498 73 75 0
inst_1499 70 76 4
inst_1500 73 75 1
inst_1501 75 62 5
inst_1502 78 59 7
inst_1503 79 65 1
inst_1504 78 59 13
inst_1505 78 69 4
inst_1506 80 60 1
inst_1507 77 58 2
inst_1508 93 85 0
inst_1509 91 83 1
inst_1510 75 61 1
inst_1511 72 73 6
inst_1512 69 76 5
inst_1513 70 75 0
inst_1514 74 66 1
inst_1515 68 47 3
inst_1516 73 49 4
inst_1517 73 56 1
inst_1518 77 52 1
inst_1519 73 68 4
inst_1520 70 45 15
inst_1521 73 52 1
inst_1522 75 68 15
inst_1523 76 59 0
inst_1524 78 56 3
inst_1525 78 63 0
inst_1526 73 71 14
inst_1527 69 73 11
inst_1528 69 75 7
inst_1529 69 73 5
inst_1530 68 77 1
inst_1531 73 70 1
inst_1532 69 71 1
inst_1533 61 62 10
inst_1534 60 66 0
inst_1535 69 73 10
inst_1536 77 53 0
inst_1537 73 61 1
inst_1538 75 81 0
inst_1539 75 54 4
inst_1540 74 56 0
inst_1541 72 67 0
inst_1542 76 57 12
inst_1543 72 74 11
inst_1544 70 69 3
inst_1545 60 76 0
inst_1546 73 60 7
inst_1547 75 51 0
inst_1548 60 76 1
inst_1549 73 68 10
inst_1550 73 81 0
inst_1551 70 87 0
inst_1552 75 68 10
inst_1553 60 72 1
inst_1554 70 84 5
inst_1555 78 93 0
inst_1556 72 80 12
inst_1557 59 73 0
inst_1558 75 72 1
inst_1559 77 66 0
inst_1560 75 59 13
inst_1561 75 62 10
inst_1562 74 70 0
inst_1563 73 67 0
inst_1564 75 67 6
inst_1565 74 66 8
inst_1566 75 62 2
inst_1567 74 66 2
inst_1568 72 69 3
inst_1569 72 75 2
inst_1570 73 81 11
inst_1571 75 57 3
inst_1572 70 75 1
inst_1573 74 80 2
inst_1574 69 76 2
inst_1575 73 74 14
inst_1576 74 78 5
inst_1577 68 76 1
inst_1578 73 89 6
inst_1579 72 80 1
inst_1580 72 78 0
inst_1581 69 74 9
inst_1582 75 54 5
inst_1583 59 73 1
inst_1584 69 86 6
inst_1585 64 76 1
inst_1586 64 83 0
inst_1587 70 93 2
inst_1588 59 73 6
inst_1589 69 85 5
inst_1590 72 84 3
inst_1591 70 85 0
inst_1592 74 90 0
inst_1593 77 55 0
inst_1594 74 93 1
inst_1595 73 80 3
inst_1596 73 68 0
inst_1597 74 70 2
inst_1598 72 82 9
inst_1599 73 70 0
inst_1600 74 93 0
inst_1601 72 62 11
inst_1602 73 64 13
inst_1603 70 86 8
inst_1604 76 54 1
inst_1605 68 70 5
inst_1606 68 75 9
inst_1607 70 67 4
inst_1608 69 69 6
inst_1609 69 70 13
inst_1610 68 78 0
inst_1611 70 66 0
inst_1612 69 71 9
inst_1613 69 79 1
inst_1614 70 70 3
inst_1615 82 65 0
inst_1616 75 64 6
inst_1617 72 68 11
inst_1618 75 57 4
inst_1619 75 54 6
inst_1620 72 69 2
inst_1621 73 60 0
inst_1622 73 56 10
inst_1623 74 69 2
inst_1624 72 68 10
inst_1625 75 60 10
inst_1626 76 51 0
inst_1627 72 70 2
inst_1628 70 88 0
inst_1629 72 89 0
inst_1630 70 80 1
inst_1631 70 83 0
inst_1632 72 82 0
inst_1633 70 82 0
inst_1634 68 74 4
inst_1635 68 74 6
inst_1636 74 62 9
inst_1637 76 51 1
inst_1638 72 80 2
inst_1639 69 83 0
inst_1640 76 88 1
inst_1641 75 82 0
inst_1642 69 83 1
inst_1643 72 80 0
inst_1644 74 82 0
inst_1645 69 82 0
inst_1646 68 76 2
inst_1647 68 79 4
inst_1648 79 70 2
inst_1649 64 76 0
inst_1650 60 69 2
inst_1651 60 72 2
inst_1652 60 72 5
inst_1653 60 69 3
inst_1654 60 72 3
inst_1655 60 70 1
inst_1656 69 90 0
inst_1657 68 60 3
inst_1658 63 75 9
inst_1659 78 63 1
inst_1660 73 64 7
inst_1661 74 93 14
inst_1662 72 66 10
inst_1663 68 75 8
inst_1664 73 94 3
inst_1665 73 64 6
inst_1666 75 94 10
inst_1667 73 95 0
inst_1668 74 91 0
inst_1669 72 65 0
inst_1670 74 67 2
inst_1671 72 63 2
inst_1672 69 63 5
inst_1673 74 50 1
inst_1674 68 62 11
inst_1675 68 62 3
inst_1676 72 52 1
inst_1677 70 63 2
inst_1678 68 64 12
inst_1679 70 62 14
inst_1680 73 63 2
inst_1681 74 72 2
inst_1682 74 67 3
inst_1683 68 47 5
inst_1684 73 56 2
inst_1685 72 47 0
inst_1686 70 53 1
inst_1687 73 57 2
inst_1688 68 47 0
inst_1689 69 54 1
inst_1690 75 56 6
inst_1691 76 52 0
inst_1692 68 47 1
inst_1693 77 65 11
inst_1694 73 67 1
inst_1695 78 58 1
inst_1696 79 55 0
inst_1697 78 61 10
inst_1698 78 58 4
inst_1699 77 58 3
inst_1700 80 63 0
inst_1701 78 58 0
inst_1702 79 57 0
inst_1703 90 64 0
inst_1704 76 58 8
inst_1705 73 68 5
inst_1706 78 70 0
inst_1707 92 84 0
inst_1708 87 81 0
inst_1709 90 84 0
inst_1710 93 86 1
inst_1711 74 69 3
inst_1712 91 84 0
inst_1713 93 87 15
inst_1714 91 86 0
inst_1715 86 73 0
inst_1716 75 65 2
inst_1717 74 66 3
inst_1718 74 50 0
inst_1719 75 62 3
inst_1720 75 59 0
inst_1721 74 59 0
inst_1722 77 62 1
inst_1723 75 59 1
inst_1724 78 67 3
inst_1725 75 61 5
inst_1726 76 58 2
inst_1727 70 52 15
inst_1728 77 58 7
inst_1729 92 86 4
inst_1730 85 82 14
inst_1731 87 81 1
inst_1732 85 79 1
inst_1733 85 80 2
inst_1734 90 83 8
inst_1735 87 83 0
inst_1736 88 81 3
inst_1737 88 80 1
inst_1738 92 86 2
inst_1739 76 69 0
inst_1740 76 69 1
inst_1741 75 66 10
inst_1742 68 54 4
inst_1743 69 49 0
inst_1744 76 55 0
inst_1745 78 56 1
inst_1746 77 55 1
inst_1747 70 50 3
inst_1748 78 56 5
inst_1749 69 46 11
inst_1750 70 48 9
inst_1751 68 52 0
inst_1752 75 67 1
inst_1753 73 76 4
inst_1754 73 60 13
inst_1755 74 79 0
inst_1756 74 73 1
inst_1757 68 69 2
inst_1758 73 75 8
inst_1759 69 84 1
inst_1760 68 69 3
inst_1761 72 69 6
inst_1762 74 74 13
inst_1763 74 67 6
inst_1764 69 63 2
inst_1765 73 60 12
inst_1766 69 66 0
inst_1767 69 67 11
inst_1768 72 62 6
inst_1769 70 63 3
inst_1770 69 67 0
inst_1771 72 59 5
inst_1772 73 60 1
inst_1773 74 68 3
inst_1774 78 62 0
inst_1775 74 73 2
inst_1776 72 105 0
inst_1777 60 55 5
inst_1778 68 94 9
inst_1779 68 100 0
inst_1780 60 58 15
inst_1781 64 84 0
inst_1782 70 101 0
inst_1783 61 56 0
inst_1784 61 56 2
inst_1785 68 96 8
inst_1786 77 68 4
inst_1787 63 54 0
inst_1788 68 49 3
inst_1789 64 49 14
inst_1790 68 49 9
inst_1791 61 50 0
inst_1792 63 56 2
inst_1793 68 49 2
inst_1794 61 51 0
inst_1795 60 50 7
inst_1796 63 56 9
inst_1797 75 69 1
inst_1798 58 56 7
inst_1799 74 63 2
inst_1800 68 64 2
inst_1801 69 64 1
inst_1802 74 63 10
inst_1803 58 56 8
inst_1804 69 65 2
inst_1805 60 56 2
inst_1806 57 52 3
inst_1807 57 52 0
inst_1808 79 69 0
inst_1809 70 60 0
inst_1810 70 57 3
inst_1811 69 60 13
inst_1812 70 57 5
inst_1813 69 57 0
inst_1814 70 58 2
inst_1815 70 57 2
inst_1816 70 53 6
inst_1817 68 54 5
inst_1818 56 51 1
inst_1819 76 70 8
inst_1820 63 51 0
inst_1821 63 51 2
inst_1822 63 50 0
inst_1823 64 50 10
inst_1824 63 51 1
inst_1825 61 49 1
inst_1826 64 50 11
inst_1827 63 49 1
inst_1828 61 50 1
inst_1829 61 49 9
inst_1830 76 69 4
inst_1831 60 55 4
inst_1832 56 57 0
inst_1833 57 56 0
inst_1834 56 55 3
inst_1835 56 51 4
inst_1836 61 56 3
inst_1837 57 56 2
inst_1838 55 50 0
inst_1839 56 52 1
inst_1840 60 55 1
inst_1841 80 59 2
inst_1842 70 57 10
inst_1843 69 55 7
inst_1844 64 57 0
inst_1845 64 57 9
inst_1846 69 55 5
inst_1847 70 56 0
inst_1848 64 55 1
inst_1849 69 55 3
inst_1850 69 56 2
inst_1851 70 58 0
inst_1852 78 71 5
inst_1853 73 46 2
inst_1854 73 53 0
inst_1855 63 48 8
inst_1856 68 50 1
inst_1857 74 52 2
inst_1858 72 46 0
inst_1859 70 50 1
inst_1860 74 57 6
inst_1861 75 59 12
inst_1862 61 50 5
inst_1863 77 58 6
inst_1864 72 59 2
inst_1865 74 54 10
inst_1866 72 56 2
inst_1867 72 57 0
inst_1868 69 54 2
inst_1869 72 54 0
inst_1870 72 58 0
inst_1871 68 54 0
inst_1872 69 54 3
inst_1873 72 59 9
inst_1874 76 70 9
inst_1875 69 60 0
inst_1876 68 58 8
inst_1877 68 58 0
inst_1878 68 58 12
inst_1879 59 68 0
inst_1880 68 58 1
inst_1881 68 60 5
inst_1882 64 84 4
inst_1883 68 95 4
inst_1884 68 59 4
inst_1885 74 69 9
inst_1886 70 76 12
inst_1887 70 76 7
inst_1888 70 75 6
inst_1889 70 76 0
inst_1890 69 68 2
inst_1891 70 76 1
inst_1892 70 76 2
inst_1893 69 66 1
inst_1894 69 67 7
inst_1895 72 69 7
inst_1896 77 65 5
inst_1897 69 71 0
inst_1898 69 72 2
inst_1899 73 68 11
inst_1900 69 71 8
inst_1901 59 62 2
inst_1902 69 72 3
inst_1903 69 72 9
inst_1904 59 59 14
inst_1905 59 63 6
inst_1906 70 70 7
inst_1907 78 63 2
inst_1908 58 62 2
inst_1909 69 74 11
inst_1910 69 72 0
inst_1911 69 72 1
inst_1912 70 74 2
inst_1913 59 64 1
inst_1914 69 74 5
inst_1915 70 74 3
inst_1916 72 74 4
inst_1917 60 64 2
inst_1918 76 67 0
inst_1919 73 73 4
inst_1920 77 62 10
inst_1921 73 51 4
inst_1922 73 61 7
inst_1923 72 61 6
inst_1924 72 62 5
inst_1925 72 62 3
inst_1926 74 49 0
inst_1927 72 62 4
inst_1928 72 62 8
inst_1929 72 59 10
inst_1930 69 66 2
inst_1931 78 65 10
inst_1932 61 62 1
inst_1933 59 64 4
inst_1934 61 62 4
inst_1935 61 62 5
inst_1936 61 64 0
inst_1937 61 62 0
inst_1938 61 62 3
inst_1939 59 64 2
inst_1940 59 64 12
inst_1941 59 62 1
inst_1942 78 63 3
inst_1943 70 74 14
inst_1944 74 63 1
inst_1945 74 63 6
inst_1946 74 64 0
inst_1947 73 71 6
inst_1948 70 71 2
inst_1949 74 63 0
inst_1950 73 70 8
inst_1951 72 69 8
inst_1952 70 71 13
inst_1953 75 65 5
inst_1954 74 72 0
inst_1955 69 73 4
inst_1956 73 67 3
inst_1957 73 69 0
inst_1958 68 73 1
inst_1959 74 72 1
inst_1960 73 69 6
inst_1961 68 73 4
inst_1962 69 71 14
inst_1963 72 69 9
inst_1964 75 57 6
inst_1965 69 72 6
inst_1966 68 71 0
inst_1967 70 73 4
inst_1968 69 72 4
inst_1969 70 69 0
inst_1970 68 71 6
inst_1971 70 74 6
inst_1972 69 69 0
inst_1973 69 70 9
inst_1974 70 71 1
inst_1975 77 62 11
inst_1976 73 60 3
inst_1977 72 59 12
inst_1978 74 61 1
inst_1979 72 61 5
inst_1980 72 61 8
inst_1981 74 61 14
inst_1982 72 61 9
inst_1983 70 71 8
inst_1984 69 71 10
inst_1985 73 60 4
inst_1986 75 66 6
inst_1987 68 76 8
inst_1988 59 62 8
inst_1989 69 73 7
inst_1990 70 68 0
inst_1991 59 62 4
inst_1992 69 72 8
inst_1993 69 70 4
inst_1994 59 62 3
inst_1995 59 62 6
inst_1996 68 77 0
inst_1997 78 67 4
inst_1998 70 69 1
inst_1999 74 76 2
inst_2000 69 68 4
inst_2001 70 68 11
inst_2002 74 74 11
inst_2003 69 69 1
inst_2004 73 72 2
inst_2005 73 72 8
inst_2006 72 64 5
inst_2007 69 70 0
inst_2008 78 69 6
inst_2009 72 64 6
inst_2010 72 66 0
inst_2011 72 65 1
inst_2012 70 64 2
inst_2013 72 59 14
inst_2014 72 65 2
inst_2015 72 64 3
inst_2016 72 60 0
inst_2017 70 76 8
inst_2018 72 64 4
inst_2019 78 65 2
inst_2020 73 74 12
inst_2021 72 65 8
inst_2022 70 65 2
inst_2023 70 65 3
inst_2024 70 64 4
inst_2025 70 63 0
inst_2026 70 64 1
inst_2027 69 63 3
inst_2028 69 63 6
inst_2029 74 68 2
inst_2030 75 67 7
inst_2031 69 84 0
inst_2032 78 69 5
inst_2033 87 81 3
inst_2034 75 69 6
inst_2035 87 81 2
inst_2036 92 86 0
inst_2037 78 71 6
inst_2038 87 81 4
inst_2039 92 86 1
inst_2040 91 86 6
inst_2041 78 69 2
inst_2042 73 69 14
inst_2043 69 78 14
inst_2044 84 73 0
inst_2045 90 83 0
inst_2046 88 81 1
inst_2047 87 81 7
inst_2048 86 80 0
inst_2049 87 81 6
inst_2050 87 81 14
inst_2051 87 81 11
inst_2052 88 81 8
inst_2053 84 73 14
inst_2054 70 78 2
inst_2055 72 68 2
inst_2056 73 57 4
inst_2057 93 86 2
inst_2058 93 88 3
inst_2059 86 77 0
inst_2060 86 77 14
inst_2061 91 83 3
inst_2062 93 86 15
inst_2063 86 77 9
inst_2064 92 86 3
inst_2065 91 86 4
inst_2066 91 86 7
inst_2067 70 77 13
inst_2068 72 71 3
inst_2069 70 76 3
inst_2070 70 84 4
inst_2071 78 60 2
inst_2072 90 59 0
inst_2073 78 62 4
inst_2074 80 63 1
inst_2075 79 60 0
inst_2076 77 60 0
inst_2077 79 57 1
inst_2078 77 60 13
inst_2079 78 70 6
inst_2080 78 60 3
inst_2081 72 71 4
inst_2082 76 68 0
inst_2083 70 84 6
inst_2084 74 76 1
inst_2085 70 85 3
inst_2086 70 89 0
inst_2087 73 78 3
inst_2088 70 84 7
inst_2089 72 73 0
inst_2090 74 76 4
inst_2091 73 78 6
inst_2092 70 84 11
inst_2093 78 70 2
inst_2094 60 69 0
inst_2095 68 59 6
inst_2096 68 60 6
inst_2097 68 60 7
inst_2098 69 60 15
inst_2099 55 65 7
inst_2100 68 60 10
inst_2101 68 58 13
inst_2102 68 58 2
inst_2103 60 72 4
inst_2104 76 73 4
inst_2105 70 67 0
inst_2106 69 68 7
inst_2107 70 66 8
inst_2108 70 71 4
inst_2109 69 70 12
inst_2110 70 68 15
inst_2111 69 68 6
inst_2112 68 82 11
inst_2113 68 82 0
inst_2114 70 78 8
inst_2115 76 70 0
inst_2116 73 80 7
inst_2117 69 76 8
inst_2118 75 84 0
inst_2119 74 86 0
inst_2120 69 74 12
inst_2121 75 83 1
inst_2122 76 88 0
inst_2123 68 76 12
inst_2124 64 76 2
inst_2125 73 80 4
inst_2126 74 66 4
inst_2127 55 66 0
inst_2128 56 65 2
inst_2129 55 65 0
inst_2130 55 65 10
inst_2131 68 94 0
inst_2132 56 68 0
inst_2133 55 65 1
inst_2134 68 96 0
inst_2135 68 97 0
inst_2136 68 58 5
inst_2137 76 68 1
inst_2138 73 83 1
inst_2139 72 89 12
inst_2140 73 83 4
inst_2141 73 80 1
inst_2142 72 89 6
inst_2143 73 83 0
inst_2144 73 78 8
inst_2145 70 70 14
inst_2146 70 69 2
inst_2147 73 88 10
inst_2148 77 68 0
inst_2149 64 73 0
inst_2150 60 71 8
inst_2151 63 74 0
inst_2152 64 75 0
inst_2153 60 71 10
inst_2154 63 75 2
inst_2155 64 76 14
inst_2156 60 70 10
inst_2157 60 71 0
inst_2158 64 76 3
inst_2159 74 66 5
inst_2160 64 84 1
inst_2161 68 101 11
inst_2162 68 95 0
inst_2163 68 94 2
inst_2164 73 110 0
inst_2165 64 84 15
inst_2166 69 100 0
inst_2167 73 111 0
inst_2168 73 110 1
inst_2169 72 105 7
inst_2170 73 66 10
inst_2171 58 56 14
inst_2172 63 56 4
inst_2173 61 56 4
inst_2174 60 56 1
inst_2175 57 57 0
inst_2176 57 54 2
inst_2177 63 56 0
inst_2178 57 56 4
inst_2179 57 57 12
inst_2180 73 112 1
inst_2181 79 68 1
inst_2182 72 74 0
inst_2183 73 85 2
inst_2184 70 74 0
inst_2185 70 73 6
inst_2186 73 86 4
inst_2187 73 76 13
inst_2188 72 80 4
inst_2189 72 85 0
inst_2190 73 85 3
inst_2191 72 74 1
inst_2192 75 72 2
inst_2193 74 67 12
inst_2194 56 52 13
inst_2195 58 56 5
inst_2196 58 56 2
inst_2197 59 58 0
inst_2198 68 64 8
inst_2199 58 56 3
inst_2200 58 56 10
inst_2201 70 63 6
inst_2202 68 67 13
inst_2203 57 52 14
inst_2204 77 65 12
inst_2205 69 56 1
inst_2206 69 56 15
inst_2207 69 55 8
inst_2208 69 56 3
inst_2209 69 56 14
inst_2210 70 55 0
inst_2211 69 56 4
inst_2212 68 49 4
inst_2213 68 50 9
inst_2214 69 56 12
inst_2215 75 68 2
inst_2216 60 56 7
inst_2217 56 51 0
inst_2218 59 56 4
inst_2219 60 55 7
inst_2220 70 58 9
inst_2221 60 55 2
inst_2222 60 55 6
inst_2223 73 61 10
inst_2224 69 60 6
inst_2225 60 56 6
inst_2226 77 58 11
inst_2227 69 60 11
inst_2228 69 57 13
inst_2229 70 56 5
inst_2230 69 56 6
inst_2231 69 58 8
inst_2232 69 60 10
inst_2233 69 57 4
inst_2234 69 57 2
inst_2235 70 59 8
inst_2236 70 58 11
inst_2237 77 67 10
inst_2238 69 49 2
inst_2239 61 50 11
inst_2240 69 50 3
inst_2241 68 48 2
inst_2242 60 50 2
inst_2243 69 49 7
inst_2244 68 50 2
inst_2245 61 49 3
inst_2246 61 49 11
inst_2247 69 50 14
inst_2248 75 66 3
inst_2249 68 63 4
inst_2250 74 63 3
inst_2251 68 61 0
inst_2252 64 60 1
inst_2253 61 55 0
inst_2254 69 64 4
inst_2255 74 63 5
inst_2256 61 55 5
inst_2257 61 55 2
inst_2258 69 62 4
inst_2259 80 58 0
inst_2260 69 52 0
inst_2261 70 56 1
inst_2262 70 54 13
inst_2263 70 57 11
inst_2264 69 58 12
inst_2265 68 54 2
inst_2266 72 57 5
inst_2267 69 58 13
inst_2268 64 56 14
inst_2269 69 58 3
inst_2270 77 65 2
inst_2271 63 50 2
inst_2272 64 52 0
inst_2273 64 50 12
inst_2274 64 49 13
inst_2275 64 49 4
inst_2276 63 50 5
inst_2277 64 49 7
inst_2278 64 51 3
inst_2279 63 50 15
inst_2280 63 50 3
inst_2281 77 67 0
inst_2282 64 51 10
inst_2283 61 50 6
inst_2284 60 49 13
inst_2285 61 49 7
inst_2286 61 50 7
inst_2287 60 49 2
inst_2288 61 50 14
inst_2289 61 50 15
inst_2290 59 50 10
inst_2291 68 51 1
inst_2292 74 68 6
inst_2293 57 57 2
inst_2294 60 57 2
inst_2295 56 56 15
inst_2296 57 57 4
inst_2297 57 51 0
inst_2298 56 56 4
inst_2299 56 54 1
inst_2300 57 51 14
inst_2301 58 53 0
inst_2302 57 56 8
inst_2303 78 61 2
inst_2304 69 74 14
inst_2305 70 66 4
inst_2306 69 76 14
inst_2307 69 68 3
inst_2308 70 62 12
inst_2309 70 76 6
inst_2310 69 69 10
inst_2311 70 62 0
inst_2312 73 52 6
inst_2313 70 76 10
inst_2314 75 67 4
inst_2315 78 55 9
inst_2316 75 90 0
inst_2317 73 87 0
inst_2318 73 93 1
inst_2319 75 96 2
inst_2320 75 62 4
inst_2321 75 95 2
inst_2322 75 97 0
inst_2323 73 66 12
inst_2324 74 66 6
inst_2325 75 88 8
inst_2326 79 70 13
inst_2327 70 83 2
inst_2328 73 68 12
inst_2329 70 87 1
inst_2330 70 85 1
inst_2331 75 93 7
inst_2332 70 83 3
inst_2333 70 87 12
inst_2334 74 92 0
inst_2335 75 93 14
inst_2336 69 85 0
inst_2337 75 59 9
inst_2338 75 60 1
inst_2339 72 69 12
inst_2340 73 62 0
inst_2341 75 55 1
inst_2342 75 77 3
inst_2343 73 64 3
inst_2344 72 67 13
inst_2345 75 78 1
inst_2346 74 78 7
inst_2347 73 60 10
inst_2348 77 51 4
inst_2349 73 69 11
inst_2350 60 75 0
inst_2351 74 90 10
inst_2352 59 72 1
inst_2353 60 75 11
inst_2354 72 67 4
inst_2355 60 72 7
inst_2356 60 72 15
inst_2357 61 80 10
inst_2358 72 72 2
inst_2359 76 73 2
inst_2360 74 93 4
inst_2361 73 82 0
inst_2362 73 84 2
inst_2363 73 83 6
inst_2364 73 82 8
inst_2365 74 95 0
inst_2366 73 80 8
inst_2367 73 82 14
inst_2368 72 80 14
inst_2369 73 70 10
inst_2370 77 54 1
inst_2371 74 67 1
inst_2372 72 68 6
inst_2373 72 69 14
inst_2374 73 75 6
inst_2375 75 75 0
inst_2376 75 75 1
inst_2377 74 67 8
inst_2378 73 70 2
inst_2379 75 64 0
inst_2380 73 69 2
inst_2381 75 53 0
inst_2382 69 86 1
inst_2383 72 77 0
inst_2384 72 88 1
inst_2385 72 88 0
inst_2386 73 77 2
inst_2387 73 95 2
inst_2388 72 88 4
inst_2389 73 81 1
inst_2390 73 81 2
inst_2391 61 78 5
inst_2392 77 75 7
inst_2393 73 82 15
inst_2394 72 68 8
inst_2395 72 59 1
inst_2396 72 63 0
inst_2397 73 84 0
inst_2398 72 59 0
inst_2399 73 63 4
inst_2400 73 89 0
inst_2401 69 79 11
inst_2402 72 80 6
inst_2403 78 69 8
inst_2404 70 82 5
inst_2405 69 76 4
inst_2406 70 88 1
inst_2407 68 74 5
inst_2408 69 76 11
inst_2409 70 82 1
inst_2410 68 74 7
inst_2411 69 76 10
inst_2412 69 76 1
inst_2413 69 79 8
inst_2414 77 54 0
inst_2415 68 77 3
inst_2416 73 65 0
inst_2417 69 75 6
inst_2418 69 77 4
inst_2419 73 66 7
inst_2420 68 77 6
inst_2421 73 64 5
inst_2422 73 66 2
inst_2423 76 77 0
inst_2424 68 77 2
inst_2425 75 72 3
inst_2426 77 53 2
inst_2427 74 60 0
inst_2428 74 59 4
inst_2429 74 60 4
inst_2430 74 59 2
inst_2431 74 59 5
inst_2432 74 60 1
inst_2433 72 59 6
inst_2434 75 58 2
inst_2435 75 58 3
inst_2436 72 60 10
inst_2437 73 72 11
inst_2438 74 57 1
inst_2439 76 52 2
inst_2440 74 55 2
inst_2441 73 55 1
inst_2442 73 52 0
inst_2443 74 57 0
inst_2444 76 51 2
inst_2445 72 51 6
inst_2446 72 51 7
inst_2447 73 57 8
inst_2448 72 73 15
inst_2449 72 54 2
inst_2450 68 52 13
inst_2451 70 54 8
inst_2452 68 54 8
inst_2453 69 54 9
inst_2454 72 54 3
inst_2455 69 54 8
inst_2456 70 50 9
inst_2457 70 55 3
inst_2458 74 54 0
inst_2459 73 73 2
inst_2460 70 57 6
inst_2461 69 46 0
inst_2462 69 49 4
inst_2463 78 56 2
inst_2464 69 47 2
inst_2465 77 56 9
inst_2466 69 47 8
inst_2467 68 47 4
inst_2468 68 47 2
inst_2469 70 55 2
inst_2470 73 72 12
inst_2471 74 52 8
inst_2472 77 62 2
inst_2473 75 52 0
inst_2474 75 50 0
inst_2475 75 58 6
inst_2476 73 52 2
inst_2477 75 68 5
inst_2478 75 59 10
inst_2479 75 59 11
inst_2480 72 63 14
inst_2481 74 65 2
inst_2482 75 59 5
inst_2483 75 54 0
inst_2484 73 57 1
inst_2485 73 57 6
inst_2486 75 54 1
inst_2487 75 58 15
inst_2488 73 57 0
inst_2489 75 56 4
inst_2490 72 57 2
inst_2491 76 58 1
inst_2492 73 75 9
inst_2493 70 47 14
inst_2494 68 52 15
inst_2495 69 47 0
inst_2496 72 47 1
inst_2497 73 54 0
inst_2498 69 47 4
inst_2499 70 54 1
inst_2500 69 53 0
inst_2501 69 53 2
inst_2502 69 46 4
inst_2503 74 75 3
inst_2504 74 59 8
inst_2505 74 65 4
inst_2506 74 59 1
inst_2507 74 57 2
inst_2508 79 66 6
inst_2509 74 57 3
inst_2510 74 57 4
inst_2511 79 66 1
inst_2512 77 68 2
inst_2513 75 59 7
inst_2514 73 74 1
inst_2515 76 66 2
inst_2516 73 61 9
inst_2517 77 64 2
inst_2518 75 61 2
inst_2519 76 65 2
inst_2520 77 62 0
inst_2521 74 61 11
inst_2522 77 62 6
inst_2523 76 63 4
inst_2524 76 67 2
inst_2525 77 53 1
inst_2526 60 50 8
inst_2527 63 50 6
inst_2528 63 47 13
inst_2529 73 46 5
inst_2530 68 50 4
inst_2531 60 48 0
inst_2532 64 50 1
inst_2533 74 53 1
inst_2534 74 57 8
inst_2535 59 50 0
inst_2536 78 65 4
inst_2537 73 54 2
inst_2538 70 63 9
inst_2539 68 62 5
inst_2540 68 62 6
inst_2541 69 64 3
inst_2542 73 51 0
inst_2543 68 62 4
inst_2544 68 64 0
inst_2545 69 64 2
inst_2546 74 52 0
inst_2547 78 65 3
inst_2548 69 64 9
inst_2549 69 62 3
inst_2550 68 63 7
inst_2551 68 63 6
inst_2552 73 68 15
inst_2553 69 64 8
inst_2554 69 62 2
inst_2555 73 68 14
inst_2556 74 68 0
inst_2557 68 64 1
inst_2558 75 72 0
inst_2559 75 73 2
inst_2560 76 69 8
inst_2561 73 72 14
inst_2562 72 64 10
inst_2563 73 67 6
inst_2564 72 64 13
inst_2565 72 64 11
inst_2566 74 76 6
inst_2567 73 64 8
inst_2568 72 64 14
inst_2569 73 66 4
inst_2570 74 72 4
inst_2571 76 59 6
inst_2572 73 88 0
inst_2573 73 68 13
inst_2574 73 81 4
inst_2575 70 87 2
inst_2576 73 67 5
inst_2577 73 88 1
inst_2578 74 70 4
inst_2579 74 93 2
inst_2580 73 69 4
inst_2581 73 88 3
inst_2582 76 70 5
inst_2583 76 78 0
inst_2584 75 94 1
inst_2585 75 93 0
inst_2586 75 94 4
inst_2587 75 94 0
inst_2588 75 78 2
inst_2589 73 93 0
inst_2590 73 94 0
inst_2591 74 96 2
inst_2592 73 64 4
inst_2593 77 69 10
inst_2594 75 62 6
inst_2595 75 57 5
inst_2596 74 75 6
inst_2597 75 75 11
inst_2598 75 57 0
inst_2599 75 75 2
inst_2600 73 61 2
inst_2601 73 69 10
inst_2602 74 69 13
inst_2603 75 63 7
inst_2604 76 65 6
inst_2605 78 102 0
inst_2606 75 63 2
inst_2607 73 82 4
inst_2608 73 82 2
inst_2609 72 82 1
inst_2610 73 71 0
inst_2611 73 80 14
inst_2612 70 80 6
inst_2613 70 83 1
inst_2614 73 69 5
inst_2615 76 70 2
inst_2616 73 64 1
inst_2617 69 77 8
inst_2618 72 60 1
inst_2619 72 66 4
inst_2620 69 75 8
inst_2621 72 59 15
inst_2622 70 77 0
inst_2623 69 77 7
inst_2624 72 63 6
inst_2625 72 64 8
inst_2626 76 71 1
inst_2627 72 65 10
inst_2628 69 85 4
inst_2629 73 79 0
inst_2630 60 72 6
inst_2631 69 86 0
inst_2632 73 89 2
inst_2633 60 72 8
inst_2634 72 94 0
inst_2635 73 77 4
inst_2636 72 67 5
inst_2637 76 68 2
inst_2638 72 88 2
inst_2639 69 76 0
inst_2640 77 57 0
inst_2641 68 74 10
inst_2642 73 85 6
inst_2643 75 90 2
inst_2644 69 76 13
inst_2645 73 75 5
inst_2646 73 76 6
inst_2647 70 83 4
inst_2648 77 60 4
inst_2649 73 85 0
inst_2650 73 78 2
inst_2651 70 85 6
inst_2652 69 71 6
inst_2653 73 78 9
inst_2654 70 85 2
inst_2655 73 78 4
inst_2656 72 78 1
inst_2657 72 89 7
inst_2658 70 74 12
inst_2659 77 54 4
inst_2660 70 70 4
inst_2661 69 74 7
inst_2662 70 73 3
inst_2663 69 68 9
inst_2664 69 74 6
inst_2665 69 72 12
inst_2666 69 72 5
inst_2667 72 72 12
inst_2668 72 72 4
inst_2669 70 74 7
inst_2670 78 68 2
inst_2671 69 67 12
inst_2672 75 58 8
inst_2673 69 67 4
inst_2674 69 67 1
inst_2675 73 61 12
inst_2676 69 66 4
inst_2677 73 51 2
inst_2678 72 61 7
inst_2679 72 61 10
inst_2680 69 67 2
inst_2681 75 70 2
inst_2682 77 65 3
inst_2683 72 59 7
inst_2684 72 57 1
inst_2685 75 53 4
inst_2686 74 60 6
inst_2687 72 58 1
inst_2688 75 53 5
inst_2689 74 60 8
inst_2690 69 54 5
inst_2691 70 51 14
inst_2692 74 60 10
inst_2693 73 75 14
inst_2694 76 62 1
inst_2695 77 65 8
inst_2696 73 62 2
inst_2697 77 64 6
inst_2698 77 62 12
inst_2699 74 62 10
inst_2700 77 64 4
inst_2701 79 62 1
inst_2702 79 62 10
inst_2703 77 66 2
inst_2704 77 69 6
inst_2705 72 47 2
inst_2706 73 55 0
inst_2707 73 55 6
inst_2708 73 57 3
inst_2709 73 55 4
inst_2710 72 47 3
inst_2711 73 57 9
inst_2712 77 51 12
inst_2713 77 51 1
inst_2714 72 47 4
inst_2715 74 73 4
inst_2716 73 52 9
inst_2717 73 52 10
inst_2718 75 52 1
inst_2719 73 51 6
inst_2720 78 58 2
inst_2721 73 51 9
inst_2722 72 52 2
inst_2723 74 57 10
inst_2724 77 62 15
inst_2725 76 51 3
inst_2726 74 73 6
inst_2727 77 55 2
inst_2728 73 70 4
inst_2729 79 57 3
inst_2730 79 57 5
inst_2731 73 70 5
inst_2732 79 57 4
inst_2733 79 57 2
inst_2734 86 78 0
inst_2735 87 80 0
inst_2736 79 57 6
inst_2737 77 65 14
inst_2738 76 55 6
inst_2739 69 47 7
inst_2740 72 47 8
inst_2741 68 46 0
inst_2742 69 47 1
inst_2743 78 56 9
inst_2744 69 46 2
inst_2745 68 47 6
inst_2746 72 47 10
inst_2747 70 50 4
inst_2748 74 75 1
inst_2749 75 59 14
inst_2750 78 69 0
inst_2751 77 66 4
inst_2752 77 66 6
inst_2753 77 66 10
inst_2754 75 59 6
inst_2755 78 64 2
inst_2756 77 69 0
inst_2757 77 66 12
inst_2758 75 59 15
inst_2759 73 73 0
inst_2760 87 81 5
inst_2761 93 86 4
inst_2762 91 83 0
inst_2763 93 85 14
inst_2764 91 83 2
inst_2765 91 86 12
inst_2766 85 72 0
inst_2767 90 84 6
inst_2768 90 83 10
inst_2769 87 80 5
inst_2770 72 68 5
inst_2771 88 81 10
inst_2772 87 83 2
inst_2773 87 83 3
inst_2774 86 82 6
inst_2775 87 81 8
inst_2776 90 83 14
inst_2777 87 83 1
inst_2778 88 81 4
inst_2779 88 81 5
inst_2780 88 81 0
inst_2781 77 67 4
inst_2782 64 50 2
inst_2783 69 50 6
inst_2784 68 51 6
inst_2785 60 50 0
inst_2786 73 52 12
inst_2787 68 51 0
inst_2788 72 50 0
inst_2789 75 51 4
inst_2790 74 59 6
inst_2791 64 50 13
inst_2792 78 65 0
inst_2793 70 84 0
inst_2794 72 71 2
inst_2795 69 77 3
inst_2796 69 77 2
inst_2797 70 83 8
inst_2798 73 57 10
inst_2799 68 69 5
inst_2800 70 62 13
inst_2801 72 52 4
inst_2802 70 84 15
inst_2803 77 59 2
inst_2804 73 60 8
inst_2805 70 71 11
inst_2806 72 61 4
inst_2807 74 69 0
inst_2808 69 69 4
inst_2809 73 61 5
inst_2810 70 75 8
inst_2811 70 69 12
inst_2812 74 69 4
inst_2813 72 62 2
inst_2814 75 67 5
inst_2815 77 58 0
inst_2816 69 82 2
inst_2817 64 76 6
inst_2818 68 76 3
inst_2819 64 75 7
inst_2820 60 71 9
inst_2821 68 76 10
inst_2822 64 73 1
inst_2823 60 71 1
inst_2824 60 69 1
inst_2825 69 80 2
inst_2826 75 66 0
inst_2827 68 65 3
inst_2828 74 63 4
inst_2829 68 65 2
inst_2830 64 58 8
inst_2831 59 56 8
inst_2832 68 65 4
inst_2833 64 60 6
inst_2834 60 56 5
inst_2835 56 50 9
inst_2836 58 56 4
inst_2837 74 67 4
inst_2838 64 84 2
inst_2839 68 95 15
inst_2840 68 95 2
inst_2841 68 96 1
inst_2842 69 100 11
inst_2843 68 95 3
inst_2844 68 97 1
inst_2845 68 101 0
inst_2846 73 110 2
inst_2847 64 84 3
inst_2848 74 67 5
inst_2849 58 56 12
inst_2850 64 57 2
inst_2851 60 57 1
inst_2852 63 57 0
inst_2853 63 56 1
inst_2854 56 55 4
inst_2855 64 57 5
inst_2856 63 56 5
inst_2857 57 57 6
inst_2858 56 54 15
inst_2859 73 67 12
inst_2860 70 58 8
inst_2861 69 58 9
inst_2862 69 60 12
inst_2863 70 57 4
inst_2864 69 57 6
inst_2865 69 60 9
inst_2866 69 58 7
inst_2867 69 58 2
inst_2868 73 58 0
inst_2869 70 58 4
inst_2870 73 67 8
inst_2871 69 53 4
inst_2872 69 60 14
inst_2873 68 91 13
inst_2874 68 60 15
inst_2875 68 60 12
inst_2876 68 91 7
inst_2877 68 60 14
inst_2878 68 60 1
inst_2879 68 60 0
inst_2880 60 69 4
inst_2881 73 67 14
inst_2882 57 56 12
inst_2883 56 56 6
inst_2884 56 55 7
inst_2885 56 55 6
inst_2886 56 52 0
inst_2887 57 55 2
inst_2888 57 56 3
inst_2889 57 52 1
inst_2890 59 57 14
inst_2891 57 56 14
inst_2892 77 58 10
inst_2893 70 58 6
inst_2894 68 49 13
inst_2895 64 57 1
inst_2896 69 55 4
inst_2897 68 50 6
inst_2898 70 57 12
inst_2899 69 55 2
inst_2900 68 48 0
inst_2901 61 50 8
inst_2902 69 54 12
inst_2903 78 82 0
inst_2904 64 50 6
inst_2905 64 49 8
inst_2906 68 50 12
inst_2907 68 51 2
inst_2908 63 50 10
inst_2909 63 51 12
inst_2910 63 51 6
inst_2911 63 50 8
inst_2912 68 50 14
inst_2913 60 50 6
inst_2914 77 58 4
inst_2915 70 70 11
inst_2916 69 79 3
inst_2917 70 70 12
inst_2918 70 71 5
inst_2919 75 83 8
inst_2920 70 70 13
inst_2921 70 80 2
inst_2922 75 83 0
inst_2923 73 80 12
inst_2924 69 75 10
inst_2925 77 61 8
inst_2926 69 62 1
inst_2927 73 68 2
inst_2928 69 63 1
inst_2929 69 63 0
inst_2930 73 69 8
inst_2931 69 63 10
inst_2932 68 64 5
inst_2933 69 64 10
inst_2934 69 67 3
inst_2935 72 55 0
inst_2936 78 54 0
inst_2937 68 73 2
inst_2938 61 63 2
inst_2939 69 73 6
inst_2940 70 68 1
inst_2941 59 62 10
inst_2942 69 74 0
inst_2943 61 63 4
inst_2944 59 62 7
inst_2945 59 62 14
inst_2946 72 69 1
inst_2947 75 59 8
inst_2948 61 63 6
inst_2949 70 72 11
inst_2950 61 65 0
inst_2951 59 63 4
inst_2952 70 71 0
inst_2953 63 65 0
inst_2954 59 63 2
inst_2955 70 72 8
inst_2956 70 73 9
inst_2957 59 62 0
inst_2958 77 67 2
inst_2959 75 73 5
inst_2960 75 60 3
inst_2961 75 94 3
inst_2962 75 66 9
inst_2963 72 76 1
inst_2964 74 66 11
inst_2965 75 60 9
inst_2966 74 94 1
inst_2967 73 66 1
inst_2968 75 56 1
inst_2969 75 56 9
inst_2970 75 91 3
inst_2971 75 60 5
inst_2972 70 84 9
inst_2973 73 83 3
inst_2974 70 73 11
inst_2975 70 71 7
inst_2976 73 83 11
inst_2977 70 73 13
inst_2978 69 71 3
inst_2979 73 78 1
inst_2980 72 89 5
inst_2981 70 84 3
inst_2982 77 65 7
inst_2983 73 94 5
inst_2984 78 106 1
inst_2985 70 85 9
inst_2986 73 67 11
inst_2987 73 82 11
inst_2988 73 77 1
inst_2989 74 93 7
inst_2990 73 82 13
inst_2991 73 86 1
inst_2992 72 94 3
inst_2993 78 82 3
inst_2994 72 63 5
inst_2995 72 89 11
inst_2996 72 83 5
inst_2997 72 83 3
inst_2998 70 80 5
inst_2999 73 63 1
inst_3000 73 89 5
inst_3001 70 83 7
inst_3002 68 74 15
inst_3003 73 86 7
inst_3004 75 66 5
inst_3005 70 67 7
inst_3006 70 81 3
inst_3007 70 71 15
inst_3008 70 72 7
inst_3009 69 69 9
inst_3010 70 70 1
inst_3011 70 81 5
inst_3012 70 67 3
inst_3013 69 70 11
inst_3014 72 89 3
inst_3015 78 67 11
inst_3016 72 69 11
inst_3017 69 86 5
inst_3018 72 65 7
inst_3019 72 65 13
inst_3020 60 72 13
inst_3021 72 67 3
inst_3022 73 89 9
inst_3023 60 72 11
inst_3024 69 86 3
inst_3025 72 69 5
inst_3026 75 60 7
inst_3027 68 74 1
inst_3028 70 73 15
inst_3029 73 75 3
inst_3030 73 76 1
inst_3031 72 85 3
inst_3032 72 75 5
inst_3033 73 74 9
inst_3034 72 85 5
inst_3035 72 85 7
inst_3036 69 74 3
inst_3037 78 67 15
inst_3038 72 80 9
inst_3039 69 75 13
inst_3040 74 82 3
inst_3041 69 78 1
inst_3042 69 80 1
inst_3043 72 80 11
inst_3044 69 78 9
inst_3045 69 82 9
inst_3046 68 76 5
inst_3047 69 79 5
inst_3048 78 68 1
inst_3049 64 75 5
inst_3050 60 71 5
inst_3051 63 73 13
inst_3052 60 71 3
inst_3053 68 61 3
inst_3054 64 76 9
inst_3055 60 71 7
inst_3056 68 60 9
inst_3057 68 59 1
inst_3058 68 76 7
inst_3059 77 67 7
inst_3060 74 72 9
inst_3061 68 77 5
inst_3062 73 72 1
inst_3063 72 65 5
inst_3064 68 75 1
inst_3065 73 72 7
inst_3066 68 77 9
inst_3067 72 63 13
inst_3068 75 91 1
inst_3069 72 72 1
inst_3070 77 61 1
inst_3071 73 68 9
inst_3072 69 64 13
inst_3073 70 64 11
inst_3074 70 64 9
inst_3075 69 64 7
inst_3076 73 70 7
inst_3077 70 64 7
inst_3078 73 69 13
inst_3079 75 58 11
inst_3080 74 68 9
inst_3081 75 67 3
inst_3082 76 69 15
inst_3083 75 58 5
inst_3084 77 63 7
inst_3085 77 60 3
inst_3086 75 59 3
inst_3087 77 66 9
inst_3088 75 55 5
inst_3089 74 59 11
inst_3090 79 66 5
inst_3091 77 64 9
inst_3092 78 59 1
inst_3093 77 58 9
inst_3094 78 72 3
inst_3095 77 64 15
inst_3096 77 60 9
inst_3097 76 62 3
inst_3098 77 62 9
inst_3099 79 66 3
inst_3100 76 65 5
inst_3101 77 58 13
inst_3102 79 57 9
inst_3103 80 64 1
inst_3104 77 62 5
inst_3105 78 72 1
inst_3106 73 71 3
inst_3107 92 84 3
inst_3108 87 78 7
inst_3109 88 79 5
inst_3110 91 83 11
inst_3111 74 71 13
inst_3112 91 84 5
inst_3113 85 72 13
inst_3114 85 72 3
inst_3115 78 70 5
inst_3116 75 68 1
inst_3117 76 69 3
inst_3118 75 62 1
inst_3119 75 62 15
inst_3120 75 61 11
inst_3121 74 61 5
inst_3122 75 61 13
inst_3123 75 61 9
inst_3124 75 61 15
inst_3125 76 62 15
inst_3126 76 62 5
inst_3127 75 62 9
inst_3128 78 82 5
inst_3129 93 86 7
inst_3130 90 83 3
inst_3131 90 83 5
inst_3132 90 83 13
inst_3133 87 81 13
inst_3134 93 86 9
inst_3135 92 86 9
inst_3136 90 83 7
inst_3137 88 81 7
inst_3138 93 86 11
inst_3139 78 58 11
inst_3140 77 61 3
inst_3141 76 71 5
inst_3142 73 55 3
inst_3143 75 52 5
inst_3144 72 62 13
inst_3145 73 51 11
inst_3146 74 52 5
inst_3147 76 51 5
inst_3148 74 52 7
inst_3149 72 50 3
inst_3150 73 50 3
inst_3151 70 54 7
inst_3152 78 62 3
inst_3153 77 65 1
inst_3154 74 72 7
inst_3155 73 75 11
inst_3156 74 75 15
inst_3157 73 72 5
inst_3158 77 67 9
inst_3159 73 75 13
inst_3160 73 57 13
inst_3161 73 57 15
inst_3162 77 64 13
inst_3163 78 63 5
inst_3164 72 61 13
inst_3165 69 73 1
inst_3166 73 61 15
inst_3167 69 69 3
inst_3168 69 73 15
inst_3169 73 59 3
inst_3170 69 70 7
inst_3171 70 72 5
inst_3172 69 73 9
inst_3173 72 61 15
inst_3174 75 71 3
inst_3175 78 55 1
inst_3176 60 56 9
inst_3177 56 55 1
inst_3178 57 56 7
inst_3179 57 57 11
inst_3180 60 55 9
inst_3181 57 56 11
inst_3182 57 57 9
inst_3183 60 55 13
inst_3184 60 55 11
inst_3185 60 57 5
inst_3186 76 73 1
inst_3187 68 49 7
inst_3188 60 50 15
inst_3189 68 49 11
inst_3190 68 50 11
inst_3191 61 50 13
inst_3192 68 49 1
inst_3193 68 49 15
inst_3194 60 50 11
inst_3195 60 50 5
inst_3196 63 50 13
inst_3197 77 53 7
inst_3198 68 61 7
inst_3199 60 56 13
inst_3200 61 58 1
inst_3201 61 55 15
inst_3202 60 56 11
inst_3203 63 58 5
inst_3204 59 56 15
inst_3205 59 56 1
inst_3206 59 56 7
inst_3207 68 61 5
inst_3208 75 53 3
inst_3209 59 56 11
inst_3210 70 53 3
inst_3211 70 60 3
inst_3212 70 56 15
inst_3213 69 52 15
inst_3214 70 60 13
inst_3215 69 58 15
inst_3216 69 53 9
inst_3217 69 52 5
inst_3218 59 56 13
inst_3219 76 68 5
inst_3220 63 49 9
inst_3221 64 49 3
inst_3222 63 49 13
inst_3223 64 49 11
inst_3224 64 49 1
inst_3225 61 49 13
inst_3226 64 50 5
inst_3227 64 50 9
inst_3228 68 51 15
inst_3229 63 51 5
inst_3230 77 54 3
inst_3231 57 52 11
inst_3232 57 50 1
inst_3233 57 51 3
inst_3234 56 50 1
inst_3235 58 53 3
inst_3236 57 51 5
inst_3237 57 52 7
inst_3238 69 64 15
inst_3239 68 62 15
inst_3240 57 52 5
inst_3241 75 53 15
inst_3242 70 55 5
inst_3243 64 55 3
inst_3244 70 57 1
inst_3245 69 58 11
inst_3246 64 57 11
inst_3247 70 57 9
inst_3248 64 55 11
inst_3249 64 56 1
inst_3250 69 55 1
inst_3251 70 52 1
inst_3252 76 71 3
inst_3253 60 49 1
inst_3254 74 59 15
inst_3255 69 50 1
inst_3256 69 50 5
inst_3257 76 59 5
inst_3258 60 50 13
inst_3259 74 60 13
inst_3260 75 58 13
inst_3261 72 53 1
inst_3262 68 51 5
inst_3263 76 70 7
inst_3264 70 54 5
inst_3265 69 49 9
inst_3266 68 53 5
inst_3267 70 55 9
inst_3268 72 47 13
inst_3269 68 53 3
inst_3270 76 55 9
inst_3271 72 47 7
inst_3272 70 53 5
inst_3273 74 54 9
inst_3274 76 59 13
inst_3275 69 60 3
inst_3276 68 97 3
inst_3277 68 58 7
inst_3278 56 68 15
inst_3279 56 54 5
inst_3280 68 59 3
inst_3281 64 72 1
inst_3282 57 55 1
inst_3283 63 56 7
inst_3284 69 60 5
inst_3285 78 61 5
inst_3286 70 74 5
inst_3287 73 51 13
inst_3288 69 69 13
inst_3289 72 51 1
inst_3290 69 62 7
inst_3291 70 75 5
inst_3292 73 51 15
inst_3293 72 62 1
inst_3294 73 68 7
inst_3295 70 77 3
inst_3296 78 63 7
inst_3297 69 73 3
inst_3298 63 63 1
inst_3299 69 68 11
inst_3300 69 68 1
inst_3301 61 62 7
inst_3302 69 73 13
inst_3303 70 70 9
inst_3304 69 71 5
inst_3305 69 72 11
inst_3306 68 73 9
inst_3307 78 63 9
inst_3308 70 74 9
inst_3309 69 70 15
inst_3310 69 72 15
inst_3311 70 72 13
inst_3312 69 70 3
inst_3313 70 72 1
inst_3314 70 74 11
inst_3315 69 71 13
inst_3316 72 72 7
inst_3317 70 73 1
inst_3318 76 66 1
inst_3319 103 0 48
inst_3320 103 0 45
inst_3321 103 0 44
inst_3322 103 0 41
inst_3323 103 0 40
inst_3324 103 0 37
inst_3325 103 0 36
inst_3326 103 0 33
inst_3327 103 0 32
inst_3328 103 0 29
inst_3329 103 0 28
inst_3330 103 0 25
inst_3331 103 0 24
inst_3332 103 0 21
inst_3333 103 0 20
inst_3334 103 0 17
inst_3335 103 0 16
inst_3336 103 0 13
inst_3337 103 0 12
inst_3338 103 0 9
inst_3340 103 0 49
