inst_2 81 195 0
inst_3 81 210 0
inst_4 104 0 0
inst_5 102 45 0
inst_6 65 210 0
inst_7 101 90 29
inst_8 73 201 26
inst_9 83 196 29
inst_10 91 204 17
inst_11 80 204 28
inst_12 86 206 23
inst_13 80 204 29
inst_14 80 201 20
inst_15 83 203 23
inst_16 85 205 18
inst_17 86 204 19
inst_18 86 203 26
inst_19 85 200 20
inst_20 84 196 19
inst_21 92 199 25
inst_22 90 211 20
inst_23 86 210 24
inst_24 90 197 26
inst_25 90 206 28
inst_26 92 206 30
inst_27 88 213 28
inst_28 83 203 28
inst_29 87 204 24
inst_30 86 205 16
inst_31 74 207 17
inst_32 92 195 18
inst_33 95 198 17
inst_34 91 197 29
inst_35 92 199 17
inst_36 96 199 18
inst_37 90 196 19
inst_38 96 198 24
inst_39 96 198 27
inst_40 92 198 18
inst_41 90 195 30
inst_42 69 204 19
inst_43 93 197 23
inst_44 86 205 29
inst_45 95 194 20
inst_46 87 204 27
inst_47 90 204 19
inst_48 95 194 17
inst_49 92 204 30
inst_50 91 206 18
inst_51 87 198 27
inst_52 93 197 27
inst_53 74 205 23
inst_54 87 207 22
inst_55 91 204 25
inst_56 90 203 26
inst_57 87 217 31
inst_58 87 205 20
inst_59 87 205 18
inst_60 86 208 29
inst_61 86 207 21
inst_62 87 207 20
inst_63 94 204 18
inst_64 75 206 29
inst_65 90 204 18
inst_66 84 202 26
inst_67 90 205 20
inst_68 85 193 22
inst_69 85 202 16
inst_70 88 204 24
inst_71 84 202 22
inst_72 90 195 22
inst_73 90 197 17
inst_74 87 203 31
inst_75 83 196 24
inst_76 88 206 30
inst_77 87 212 29
inst_78 91 208 23
inst_79 91 205 17
inst_80 86 202 30
inst_81 86 205 26
inst_82 87 216 29
inst_83 84 208 24
inst_84 87 205 31
inst_85 85 201 19
inst_86 79 200 16
inst_87 88 212 26
inst_88 86 204 16
inst_89 87 217 16
inst_90 87 209 26
inst_91 92 210 20
inst_92 91 207 31
inst_93 86 201 22
inst_94 91 46 20
inst_95 93 104 27
inst_96 86 209 19
inst_97 79 200 26
inst_98 92 83 29
inst_99 91 129 22
inst_100 96 129 26
inst_101 92 47 19
inst_102 95 58 28
inst_103 84 157 31
inst_104 91 118 30
inst_105 94 195 31
inst_106 96 48 29
inst_107 95 131 21
inst_108 69 209 16
inst_109 87 213 16
inst_110 83 199 28
inst_111 88 209 27
inst_112 86 212 19
inst_113 91 205 23
inst_114 88 209 31
inst_115 85 199 17
inst_116 92 203 23
inst_117 91 210 28
inst_118 86 212 16
inst_119 64 200 16
inst_120 73 217 25
inst_121 68 204 22
inst_122 59 210 25
inst_123 69 217 25
inst_124 73 214 23
inst_125 75 216 17
inst_126 69 217 18
inst_127 74 214 30
inst_128 58 214 17
inst_129 73 212 25
inst_130 75 209 19
inst_131 64 212 22
inst_132 70 217 22
inst_133 58 217 24
inst_134 61 218 16
inst_135 58 210 25
inst_136 77 215 24
inst_137 75 211 31
inst_138 73 216 19
inst_139 64 209 18
inst_140 69 218 28
inst_141 72 200 18
inst_142 61 219 16
inst_143 57 209 16
inst_144 64 216 30
inst_145 70 214 24
inst_146 75 213 27
inst_147 75 216 29
inst_148 56 205 21
inst_149 61 213 26
inst_150 76 211 28
inst_151 59 215 27
inst_152 77 208 16
inst_153 64 210 29
inst_154 57 209 29
inst_155 72 216 27
inst_156 73 216 30
inst_157 60 210 31
inst_158 70 218 18
inst_159 59 208 23
inst_160 63 214 16
inst_161 77 215 29
inst_162 63 213 31
inst_163 69 210 16
inst_164 77 200 17
inst_165 86 192 21
inst_166 83 190 27
inst_167 88 189 30
inst_168 87 196 31
inst_169 86 200 23
inst_170 88 194 31
inst_171 86 200 29
inst_172 86 198 23
inst_173 83 193 24
inst_174 85 191 25
inst_175 56 207 28
inst_176 73 208 28
inst_177 91 194 19
inst_178 87 195 28
inst_179 86 196 18
inst_180 87 191 24
inst_181 88 193 24
inst_182 88 195 25
inst_183 87 195 19
inst_184 84 194 31
inst_185 86 179 21
inst_186 93 180 20
inst_187 70 212 30
inst_188 86 179 27
inst_189 101 48 30
inst_190 101 47 22
inst_191 101 47 24
inst_192 101 49 22
inst_193 97 46 16
inst_194 101 48 21
inst_195 101 45 28
inst_196 101 45 17
inst_197 85 179 30
inst_198 64 213 26
inst_199 76 200 23
inst_200 91 194 29
inst_201 92 195 20
inst_202 92 190 24
inst_203 93 192 23
inst_204 91 194 22
inst_205 92 182 26
inst_206 91 196 30
inst_207 91 199 21
inst_208 92 188 24
inst_209 87 190 19
inst_210 63 216 19
inst_211 98 45 18
inst_212 100 46 30
inst_213 101 46 21
inst_214 100 46 31
inst_215 97 46 22
inst_216 98 46 26
inst_217 100 45 20
inst_218 100 45 26
inst_219 100 46 22
inst_220 101 46 29
inst_221 76 215 27
inst_222 69 214 28
inst_223 75 203 27
inst_224 87 204 17
inst_225 88 190 25
inst_226 84 204 22
inst_227 84 204 26
inst_228 85 190 24
inst_229 85 203 30
inst_230 84 199 21
inst_231 84 190 22
inst_232 83 190 22
inst_233 84 203 20
inst_234 72 212 22
inst_235 56 212 21
inst_236 61 218 25
inst_237 72 209 28
inst_238 77 219 21
inst_239 61 210 29
inst_240 69 208 17
inst_241 58 219 16
inst_242 60 211 16
inst_243 60 217 22
inst_244 58 212 28
inst_245 72 210 23
inst_246 73 211 29
inst_247 59 216 23
inst_248 76 214 26
inst_249 68 218 16
inst_250 64 212 23
inst_251 78 215 22
inst_252 61 209 28
inst_253 58 208 25
inst_254 79 213 16
inst_255 73 212 27
inst_256 79 211 22
inst_257 63 209 26
inst_258 58 213 31
inst_259 64 211 23
inst_260 58 213 22
inst_261 60 208 22
inst_262 73 213 26
inst_263 59 205 22
inst_264 58 210 29
inst_265 74 214 17
inst_266 72 210 22
inst_267 84 196 22
inst_268 64 209 26
inst_269 84 216 31
inst_270 86 203 30
inst_271 86 217 27
inst_272 87 217 26
inst_273 87 211 20
inst_274 85 218 31
inst_275 87 203 24
inst_276 88 212 31
inst_277 86 213 17
inst_278 84 219 20
inst_279 77 210 16
inst_280 91 213 29
inst_281 88 198 21
inst_282 87 197 19
inst_283 87 197 29
inst_284 88 198 24
inst_285 88 197 26
inst_286 94 189 26
inst_287 86 205 17
inst_288 90 203 17
inst_289 87 208 29
inst_290 78 201 21
inst_291 88 216 19
inst_292 79 218 17
inst_293 85 208 31
inst_294 86 218 24
inst_295 79 218 29
inst_296 88 218 30
inst_297 79 218 26
inst_298 87 210 26
inst_299 86 207 31
inst_300 80 208 28
inst_301 78 202 16
inst_302 88 210 16
inst_303 85 214 18
inst_304 86 209 30
inst_305 86 207 18
inst_306 85 213 21
inst_307 86 209 18
inst_308 85 214 30
inst_309 86 212 21
inst_310 85 211 28
inst_311 86 208 28
inst_312 82 203 16
inst_313 88 206 25
inst_314 87 209 28
inst_315 88 209 24
inst_316 88 209 28
inst_317 87 209 24
inst_318 90 209 21
inst_319 87 209 29
inst_320 90 201 17
inst_321 91 206 26
inst_322 88 204 28
inst_323 78 203 30
inst_324 85 207 30
inst_325 85 208 30
inst_326 88 207 24
inst_327 87 210 17
inst_328 85 208 27
inst_329 88 207 17
inst_330 80 207 27
inst_331 85 208 18
inst_332 80 208 26
inst_333 87 214 25
inst_334 78 202 23
inst_335 85 206 28
inst_336 88 205 28
inst_337 86 210 23
inst_338 86 206 25
inst_339 87 214 23
inst_340 85 206 27
inst_341 91 207 21
inst_342 87 213 27
inst_343 85 213 27
inst_344 88 206 21
inst_345 79 208 29
inst_346 87 212 31
inst_347 90 213 18
inst_348 92 210 28
inst_349 90 206 16
inst_350 91 217 28
inst_351 86 208 22
inst_352 88 213 25
inst_353 90 203 16
inst_354 80 207 31
inst_355 88 212 18
inst_356 69 209 22
inst_357 87 214 26
inst_358 91 204 23
inst_359 87 213 21
inst_360 91 205 19
inst_361 88 198 25
inst_362 91 207 30
inst_363 88 209 29
inst_364 87 203 17
inst_365 85 207 23
inst_366 87 214 24
inst_367 83 199 29
inst_368 92 211 28
inst_369 92 218 19
inst_370 88 219 26
inst_371 88 218 18
inst_372 79 217 25
inst_373 94 210 23
inst_374 88 220 24
inst_375 79 217 29
inst_376 84 219 22
inst_377 92 206 17
inst_378 82 204 24
inst_379 68 211 27
inst_380 60 211 27
inst_381 74 205 18
inst_382 59 202 22
inst_383 59 202 30
inst_384 74 205 21
inst_385 61 213 29
inst_386 61 209 21
inst_387 58 219 29
inst_388 58 218 26
inst_389 61 213 16
inst_390 68 210 25
inst_391 68 208 20
inst_392 61 214 26
inst_393 64 208 29
inst_394 68 210 30
inst_395 58 213 23
inst_396 64 209 21
inst_397 59 216 27
inst_398 57 217 21
inst_399 58 213 20
inst_400 68 208 25
inst_401 68 203 20
inst_402 59 216 24
inst_403 60 216 23
inst_404 60 215 27
inst_405 59 218 22
inst_406 59 212 19
inst_407 58 217 27
inst_408 60 216 20
inst_409 60 216 21
inst_410 61 215 25
inst_411 73 212 17
inst_412 78 210 18
inst_413 61 218 20
inst_414 61 217 23
inst_415 61 218 17
inst_416 63 220 16
inst_417 59 218 28
inst_418 60 216 22
inst_419 59 219 25
inst_420 60 215 31
inst_421 60 218 28
inst_422 63 213 21
inst_423 78 216 29
inst_424 57 219 21
inst_425 57 214 21
inst_426 57 219 26
inst_427 60 219 29
inst_428 57 214 19
inst_429 57 219 18
inst_430 60 219 28
inst_431 57 214 23
inst_432 60 218 29
inst_433 57 219 30
inst_434 73 211 20
inst_435 57 216 20
inst_436 74 216 27
inst_437 61 212 26
inst_438 64 211 25
inst_439 73 212 18
inst_440 70 215 23
inst_441 73 214 24
inst_442 73 212 21
inst_443 73 211 19
inst_444 58 218 28
inst_445 69 204 20
inst_446 61 219 31
inst_447 58 216 27
inst_448 60 216 18
inst_449 59 217 18
inst_450 61 215 31
inst_451 59 216 30
inst_452 59 217 28
inst_453 59 217 29
inst_454 63 213 28
inst_455 60 217 21
inst_456 69 205 17
inst_457 77 204 19
inst_458 59 220 28
inst_459 72 208 29
inst_460 63 209 31
inst_461 59 224 21
inst_462 77 203 22
inst_463 75 211 30
inst_464 59 220 31
inst_465 59 220 18
inst_466 60 209 18
inst_467 83 202 22
inst_468 55 220 27
inst_469 61 214 19
inst_470 60 217 31
inst_471 60 212 21
inst_472 61 216 30
inst_473 63 217 16
inst_474 59 213 28
inst_475 59 213 17
inst_476 60 213 21
inst_477 55 220 30
inst_478 64 206 25
inst_479 60 211 30
inst_480 60 211 26
inst_481 63 211 31
inst_482 58 217 26
inst_483 70 211 22
inst_484 64 208 20
inst_485 61 212 16
inst_486 61 213 22
inst_487 60 212 17
inst_488 60 211 31
inst_489 86 203 18
inst_490 73 207 18
inst_491 73 220 29
inst_492 76 215 21
inst_493 75 218 31
inst_494 75 219 21
inst_495 70 214 21
inst_496 75 218 17
inst_497 76 216 17
inst_498 70 214 23
inst_499 70 213 18
inst_500 73 220 16
inst_501 73 213 18
inst_502 74 216 26
inst_503 76 214 18
inst_504 76 213 24
inst_505 72 215 19
inst_506 80 216 23
inst_507 73 218 28
inst_508 78 217 18
inst_509 75 214 25
inst_510 76 217 31
inst_511 77 215 21
inst_512 57 209 24
inst_513 75 213 31
inst_514 78 214 27
inst_515 78 217 21
inst_516 77 215 17
inst_517 77 214 29
inst_518 70 211 28
inst_519 68 218 30
inst_520 76 215 19
inst_521 91 216 31
inst_522 72 215 20
inst_523 77 211 29
inst_524 77 218 17
inst_525 86 219 18
inst_526 78 217 22
inst_527 77 214 23
inst_528 77 214 31
inst_529 68 215 27
inst_530 75 212 21
inst_531 77 215 27
inst_532 77 213 31
inst_533 70 215 29
inst_534 70 210 29
inst_535 78 217 16
inst_536 73 200 17
inst_537 76 216 30
inst_538 80 219 27
inst_539 73 200 26
inst_540 76 217 20
inst_541 73 212 24
inst_542 75 213 22
inst_543 75 215 18
inst_544 76 213 31
inst_545 74 209 24
inst_546 69 213 24
inst_547 76 215 25
inst_548 60 213 28
inst_549 69 213 16
inst_550 77 216 31
inst_551 63 213 19
inst_552 64 217 31
inst_553 86 218 16
inst_554 78 217 29
inst_555 60 213 16
inst_556 76 212 28
inst_557 77 218 20
inst_558 74 214 24
inst_559 78 218 18
inst_560 72 211 24
inst_561 74 215 16
inst_562 74 214 20
inst_563 69 217 31
inst_564 77 213 20
inst_565 75 213 28
inst_566 75 215 23
inst_567 72 206 20
inst_568 77 216 20
inst_569 75 215 28
inst_570 80 215 17
inst_571 80 215 30
inst_572 74 215 27
inst_573 77 216 24
inst_574 75 217 19
inst_575 76 213 18
inst_576 76 211 23
inst_577 77 216 18
inst_578 76 210 20
inst_579 77 213 28
inst_580 79 215 25
inst_581 77 215 18
inst_582 75 215 24
inst_583 75 216 18
inst_584 77 215 22
inst_585 73 215 23
inst_586 92 218 31
inst_587 92 218 21
inst_588 75 211 23
inst_589 74 201 17
inst_590 70 218 20
inst_591 73 216 18
inst_592 75 215 17
inst_593 74 216 21
inst_594 73 210 30
inst_595 73 215 27
inst_596 73 214 18
inst_597 74 210 27
inst_598 74 210 29
inst_599 72 211 18
inst_600 86 202 28
inst_601 75 205 18
inst_602 76 218 30
inst_603 77 219 23
inst_604 78 219 16
inst_605 78 216 17
inst_606 77 220 17
inst_607 77 219 18
inst_608 78 215 23
inst_609 61 216 23
inst_610 59 214 23
inst_611 79 215 19
inst_612 73 212 16
inst_613 56 204 25
inst_614 58 207 22
inst_615 57 207 18
inst_616 57 207 25
inst_617 55 208 16
inst_618 56 204 31
inst_619 57 206 27
inst_620 56 207 26
inst_621 68 207 24
inst_622 56 204 16
inst_623 82 210 21
inst_624 75 214 24
inst_625 61 217 24
inst_626 77 214 27
inst_627 63 216 28
inst_628 61 217 30
inst_629 77 214 22
inst_630 60 217 17
inst_631 61 217 27
inst_632 74 218 28
inst_633 76 214 20
inst_634 63 214 28
inst_635 61 219 28
inst_636 63 217 29
inst_637 74 218 24
inst_638 63 218 30
inst_639 63 217 23
inst_640 61 221 29
inst_641 64 218 23
inst_642 75 219 28
inst_643 63 216 18
inst_644 70 217 21
inst_645 61 215 24
inst_646 73 212 31
inst_647 74 215 29
inst_648 63 214 29
inst_649 59 212 23
inst_650 60 217 20
inst_651 63 214 19
inst_652 69 216 22
inst_653 61 215 21
inst_654 68 213 31
inst_655 63 213 25
inst_656 84 196 30
inst_657 74 214 16
inst_658 58 211 22
inst_659 72 216 30
inst_660 58 211 31
inst_661 58 211 18
inst_662 76 219 23
inst_663 59 210 19
inst_664 58 211 25
inst_665 59 211 18
inst_666 76 215 22
inst_667 68 215 24
inst_668 57 204 24
inst_669 68 210 21
inst_670 58 209 27
inst_671 68 211 30
inst_672 58 214 26
inst_673 56 203 20
inst_674 68 210 23
inst_675 58 209 18
inst_676 57 204 27
inst_677 56 204 23
inst_678 76 206 23
inst_679 72 215 28
inst_680 61 219 26
inst_681 57 218 20
inst_682 68 214 27
inst_683 69 216 24
inst_684 69 212 30
inst_685 68 212 29
inst_686 70 214 29
inst_687 68 217 29
inst_688 68 213 18
inst_689 76 213 30
inst_690 68 210 17
inst_691 58 217 23
inst_692 61 212 30
inst_693 60 209 28
inst_694 61 215 18
inst_695 61 208 29
inst_696 63 213 26
inst_697 59 214 22
inst_698 60 213 22
inst_699 72 215 24
inst_700 78 210 29
inst_701 105 220 31
inst_702 106 220 17
inst_703 105 219 22
inst_704 106 220 16
inst_705 78 215 26
inst_706 101 220 23
inst_707 106 220 25
inst_708 77 216 19
inst_709 80 216 29
inst_710 90 218 31
inst_711 86 202 18
inst_712 78 210 16
inst_713 91 197 31
inst_714 100 161 19
inst_715 91 200 27
inst_716 92 200 16
inst_717 87 200 24
inst_718 92 144 20
inst_719 90 198 16
inst_720 91 201 30
inst_721 87 197 30
inst_722 86 196 31
inst_723 75 209 30
inst_724 92 50 19
inst_725 88 202 27
inst_726 88 200 31
inst_727 91 195 16
inst_728 88 203 19
inst_729 86 202 16
inst_730 86 196 27
inst_731 85 197 24
inst_732 88 203 25
inst_733 86 207 17
inst_734 77 201 31
inst_735 86 195 21
inst_736 86 201 28
inst_737 80 200 22
inst_738 90 200 30
inst_739 91 202 30
inst_740 86 200 24
inst_741 86 193 27
inst_742 92 207 27
inst_743 91 211 25
inst_744 90 204 29
inst_745 64 203 18
inst_746 90 207 30
inst_747 92 200 30
inst_748 90 201 27
inst_749 90 196 27
inst_750 83 195 16
inst_751 83 199 16
inst_752 86 203 21
inst_753 87 206 24
inst_754 87 202 21
inst_755 88 182 30
inst_756 76 201 17
inst_757 83 199 22
inst_758 87 197 31
inst_759 86 202 23
inst_760 90 202 28
inst_761 87 200 27
inst_762 98 102 16
inst_763 91 198 17
inst_764 90 204 22
inst_765 84 204 31
inst_766 90 199 24
inst_767 76 200 29
inst_768 86 201 26
inst_769 87 204 20
inst_770 87 202 18
inst_771 87 199 25
inst_772 85 211 17
inst_773 91 204 28
inst_774 85 184 30
inst_775 88 198 16
inst_776 86 203 29
inst_777 90 203 20
inst_778 82 204 26
inst_779 83 199 30
inst_780 86 195 16
inst_781 85 209 24
inst_782 91 201 24
inst_783 86 198 22
inst_784 84 204 19
inst_785 88 201 28
inst_786 93 193 19
inst_787 87 195 29
inst_788 87 199 19
inst_789 60 214 23
inst_790 97 138 21
inst_791 90 198 24
inst_792 87 206 21
inst_793 93 192 27
inst_794 90 197 18
inst_795 87 193 29
inst_796 90 201 28
inst_797 88 205 26
inst_798 86 200 26
inst_799 97 61 25
inst_800 76 201 29
inst_801 87 203 27
inst_802 92 157 24
inst_803 91 148 18
inst_804 85 203 21
inst_805 87 203 25
inst_806 79 203 30
inst_807 92 198 19
inst_808 86 205 31
inst_809 87 213 17
inst_810 90 202 20
inst_811 78 206 27
inst_812 61 219 27
inst_813 79 198 26
inst_814 61 218 18
inst_815 61 220 31
inst_816 84 197 27
inst_817 63 220 25
inst_818 68 212 20
inst_819 78 203 31
inst_820 88 204 18
inst_821 60 213 27
inst_822 84 135 16
inst_823 64 203 16
inst_824 69 206 26
inst_825 70 210 30
inst_826 60 210 30
inst_827 73 216 27
inst_828 63 208 28
inst_829 59 214 18
inst_830 70 210 31
inst_831 77 214 18
inst_832 73 209 21
inst_833 59 206 19
inst_834 64 207 19
inst_835 75 217 29
inst_836 76 217 22
inst_837 72 216 29
inst_838 74 216 18
inst_839 58 214 28
inst_840 74 214 18
inst_841 63 216 30
inst_842 68 216 31
inst_843 70 217 20
inst_844 70 217 19
inst_845 69 210 19
inst_846 59 215 18
inst_847 64 210 31
inst_848 57 208 21
inst_849 58 211 23
inst_850 69 212 27
inst_851 72 216 25
inst_852 68 212 19
inst_853 69 217 21
inst_854 61 210 17
inst_855 68 209 19
inst_856 76 212 29
inst_857 61 211 25
inst_858 59 209 27
inst_859 76 215 28
inst_860 76 211 27
inst_861 68 214 25
inst_862 68 210 28
inst_863 59 203 25
inst_864 59 208 31
inst_865 61 214 23
inst_866 75 216 16
inst_867 76 205 19
inst_868 69 217 22
inst_869 74 217 25
inst_870 74 219 30
inst_871 68 213 29
inst_872 72 216 28
inst_873 60 214 25
inst_874 78 216 24
inst_875 78 217 24
inst_876 73 215 20
inst_877 70 218 23
inst_878 77 210 26
inst_879 77 207 28
inst_880 60 214 28
inst_881 68 213 27
inst_882 63 208 25
inst_883 75 219 29
inst_884 70 212 17
inst_885 72 210 21
inst_886 61 211 28
inst_887 74 215 22
inst_888 68 217 27
inst_889 78 204 24
inst_890 61 217 18
inst_891 70 217 28
inst_892 70 215 25
inst_893 73 217 20
inst_894 78 217 25
inst_895 63 212 18
inst_896 68 218 18
inst_897 74 218 16
inst_898 74 217 26
inst_899 61 214 25
inst_900 63 207 30
inst_901 76 217 27
inst_902 60 210 22
inst_903 74 213 18
inst_904 64 214 23
inst_905 77 214 21
inst_906 72 213 27
inst_907 77 213 17
inst_908 75 219 30
inst_909 64 211 26
inst_910 75 217 20
inst_911 82 196 25
inst_912 75 216 19
inst_913 74 216 25
inst_914 73 215 18
inst_915 73 213 31
inst_916 76 218 17
inst_917 76 216 24
inst_918 70 214 26
inst_919 70 216 29
inst_920 73 218 27
inst_921 74 217 28
inst_922 77 200 30
inst_923 57 211 25
inst_924 59 213 25
inst_925 70 211 25
inst_926 73 210 19
inst_927 60 213 31
inst_928 75 212 26
inst_929 68 211 23
inst_930 69 210 23
inst_931 57 213 20
inst_932 75 211 21
inst_933 75 203 18
inst_934 78 209 28
inst_935 72 214 31
inst_936 64 214 30
inst_937 69 211 26
inst_938 69 214 19
inst_939 59 217 31
inst_940 58 216 18
inst_941 59 215 30
inst_942 59 215 19
inst_943 58 215 19
inst_944 63 213 22
inst_945 61 211 27
inst_946 68 217 16
inst_947 80 211 26
inst_948 79 211 26
inst_949 59 205 30
inst_950 69 210 21
inst_951 64 215 26
inst_952 59 205 21
inst_953 76 211 24
inst_954 75 211 17
inst_955 68 216 25
inst_956 75 208 27
inst_957 64 212 20
inst_958 61 207 22
inst_959 72 211 17
inst_960 60 218 27
inst_961 68 209 21
inst_962 64 214 17
inst_963 68 212 18
inst_964 64 207 28
inst_965 59 215 21
inst_966 59 212 29
inst_967 75 202 29
inst_968 69 210 17
inst_969 72 209 25
inst_970 61 207 18
inst_971 64 207 20
inst_972 60 216 26
inst_973 69 210 22
inst_974 60 206 24
inst_975 69 214 18
inst_976 69 212 26
inst_977 59 215 25
inst_978 77 212 21
inst_979 56 216 19
inst_980 61 216 26
inst_981 55 218 20
inst_982 64 209 24
inst_983 64 209 20
inst_984 55 218 30
inst_985 60 211 20
inst_986 59 217 22
inst_987 63 217 22
inst_988 56 216 16
inst_989 77 213 29
inst_990 61 213 30
inst_991 59 209 21
inst_992 70 212 24
inst_993 73 211 26
inst_994 74 214 28
inst_995 64 215 24
inst_996 59 210 24
inst_997 63 215 21
inst_998 57 212 24
inst_999 60 218 24
inst_1000 69 207 24
inst_1001 70 214 17
inst_1002 63 219 31
inst_1003 68 210 20
inst_1004 63 219 29
inst_1005 61 218 23
inst_1006 69 208 31
inst_1007 61 219 25
inst_1008 75 211 28
inst_1009 75 211 29
inst_1010 69 211 25
inst_1011 77 211 26
inst_1012 59 206 28
inst_1013 61 213 25
inst_1014 60 215 25
inst_1015 57 216 21
inst_1016 69 209 25
inst_1017 63 209 18
inst_1018 61 212 27
inst_1019 69 213 26
inst_1020 59 216 21
inst_1021 59 209 29
inst_1022 78 203 26
inst_1023 59 212 22
inst_1024 64 213 17
inst_1025 74 216 20
inst_1026 57 213 31
inst_1027 69 215 19
inst_1028 61 213 24
inst_1029 57 218 16
inst_1030 60 210 23
inst_1031 59 216 20
inst_1032 68 212 23
inst_1033 60 203 22
inst_1034 61 216 28
inst_1035 60 214 30
inst_1036 68 211 26
inst_1037 58 218 16
inst_1038 61 210 31
inst_1039 70 211 21
inst_1040 64 208 24
inst_1041 61 210 20
inst_1042 59 214 17
inst_1043 64 219 16
inst_1044 90 195 19
inst_1045 74 203 25
inst_1046 97 182 22
inst_1047 88 202 24
inst_1048 98 90 22
inst_1049 91 200 24
inst_1050 91 200 22
inst_1051 91 84 28
inst_1052 88 201 18
inst_1053 87 206 16
inst_1054 87 207 17
inst_1055 82 205 19
inst_1056 72 206 22
inst_1057 91 204 22
inst_1058 91 203 18
inst_1059 85 204 27
inst_1060 83 204 31
inst_1061 83 201 19
inst_1062 90 198 28
inst_1063 85 208 17
inst_1064 88 200 20
inst_1065 91 215 25
inst_1066 87 209 30
inst_1067 74 201 24
inst_1068 90 207 31
inst_1069 92 197 20
inst_1070 91 211 26
inst_1071 88 201 30
inst_1072 82 204 25
inst_1073 84 203 29
inst_1074 84 202 30
inst_1075 90 204 21
inst_1076 90 202 30
inst_1077 88 202 26
inst_1078 74 201 29
inst_1079 88 204 16
inst_1080 91 201 25
inst_1081 87 198 22
inst_1082 87 208 26
inst_1083 87 205 16
inst_1084 90 200 16
inst_1085 91 204 19
inst_1086 87 206 18
inst_1087 87 202 27
inst_1088 87 208 28
inst_1089 61 203 24
inst_1090 90 198 30
inst_1091 86 209 20
inst_1092 90 205 22
inst_1093 87 209 25
inst_1094 88 208 28
inst_1095 88 206 31
inst_1096 86 207 29
inst_1097 88 201 23
inst_1098 87 208 27
inst_1099 87 207 25
inst_1100 73 204 22
inst_1101 86 208 20
inst_1102 87 206 29
inst_1103 92 209 21
inst_1104 90 203 18
inst_1105 88 203 31
inst_1106 88 207 16
inst_1107 80 213 23
inst_1108 90 210 30
inst_1109 83 209 22
inst_1110 87 207 24
inst_1111 73 202 22
inst_1112 88 198 20
inst_1113 86 218 28
inst_1114 91 206 17
inst_1115 91 198 28
inst_1116 88 208 19
inst_1117 87 206 28
inst_1118 86 205 20
inst_1119 88 205 22
inst_1120 90 205 29
inst_1121 87 206 31
inst_1122 78 201 24
inst_1123 90 206 17
inst_1124 88 212 29
inst_1125 90 213 17
inst_1126 87 216 28
inst_1127 88 210 23
inst_1128 90 216 22
inst_1129 90 201 30
inst_1130 90 201 23
inst_1131 90 212 27
inst_1132 88 207 30
inst_1133 77 198 22
inst_1134 86 204 27
inst_1135 91 216 28
inst_1136 85 211 23
inst_1137 88 210 17
inst_1138 91 206 25
inst_1139 86 208 25
inst_1140 88 206 17
inst_1141 88 215 31
inst_1142 86 211 16
inst_1143 90 208 17
inst_1144 74 203 24
inst_1145 88 197 21
inst_1146 88 201 22
inst_1147 95 198 28
inst_1148 90 204 23
inst_1149 97 94 19
inst_1150 86 204 26
inst_1151 90 201 22
inst_1152 91 199 28
inst_1153 91 197 17
inst_1154 87 202 28
inst_1155 78 194 21
inst_1156 78 199 25
inst_1157 88 213 21
inst_1158 79 209 22
inst_1159 86 213 22
inst_1160 85 205 29
inst_1161 90 215 22
inst_1162 87 208 31
inst_1163 85 217 22
inst_1164 90 216 31
inst_1165 87 215 21
inst_1166 88 210 29
inst_1167 83 196 28
inst_1168 92 209 17
inst_1169 91 204 27
inst_1170 90 217 19
inst_1171 88 210 31
inst_1172 90 216 25
inst_1173 80 205 21
inst_1174 90 204 28
inst_1175 95 211 18
inst_1176 95 211 28
inst_1177 76 203 31
inst_1178 77 199 16
inst_1179 90 217 21
inst_1180 88 212 20
inst_1181 91 213 22
inst_1182 85 219 20
inst_1183 88 217 17
inst_1184 90 212 16
inst_1185 90 217 22
inst_1186 85 204 30
inst_1187 85 217 28
inst_1188 90 208 22
inst_1189 76 204 25
inst_1190 90 214 29
inst_1191 93 211 29
inst_1192 86 214 31
inst_1193 88 205 21
inst_1194 87 216 31
inst_1195 84 215 19
inst_1196 82 205 22
inst_1197 87 213 24
inst_1198 91 211 24
inst_1199 91 216 24
inst_1200 79 203 19
inst_1201 88 217 28
inst_1202 75 205 21
inst_1203 88 209 26
inst_1204 88 216 17
inst_1205 87 216 18
inst_1206 90 218 19
inst_1207 75 205 29
inst_1208 79 209 20
inst_1209 85 210 21
inst_1210 87 216 24
inst_1211 76 202 24
inst_1212 92 216 26
inst_1213 87 205 23
inst_1214 91 218 30
inst_1215 77 211 24
inst_1216 88 204 26
inst_1217 87 215 20
inst_1218 85 205 31
inst_1219 87 217 21
inst_1220 90 206 25
inst_1221 90 213 29
inst_1222 75 201 29
inst_1223 87 205 19
inst_1224 88 205 29
inst_1225 90 213 20
inst_1226 86 216 24
inst_1227 83 204 30
inst_1228 88 211 29
inst_1229 87 215 26
inst_1230 90 203 25
inst_1231 88 216 20
inst_1232 92 207 17
inst_1233 82 203 23
inst_1234 87 215 24
inst_1235 91 202 17
inst_1236 92 203 21
inst_1237 92 203 16
inst_1238 90 201 29
inst_1239 92 203 25
inst_1240 93 203 22
inst_1241 91 200 19
inst_1242 90 204 24
inst_1243 86 213 24
inst_1244 80 202 20
inst_1245 87 204 22
inst_1246 87 214 18
inst_1247 90 205 16
inst_1248 90 204 20
inst_1249 94 211 31
inst_1250 85 204 20
inst_1251 90 213 19
inst_1252 93 211 30
inst_1253 94 211 20
inst_1254 90 202 18
inst_1255 78 198 30
inst_1256 90 205 31
inst_1257 86 209 17
inst_1258 86 212 20
inst_1259 85 212 23
inst_1260 87 213 28
inst_1261 86 211 27
inst_1262 88 211 31
inst_1263 86 217 24
inst_1264 86 203 19
inst_1265 90 217 30
inst_1266 93 129 17
inst_1269 103 90 24
inst_1270 103 90 25
inst_1271 103 90 22
inst_1272 103 90 23
inst_1273 103 90 20
inst_1274 103 90 21
inst_1275 103 90 18
inst_1276 103 90 19
inst_1277 103 90 16
inst_1278 103 90 17
inst_1279 103 90 14
inst_1280 103 90 15
inst_1281 103 90 12
inst_1282 103 90 13
inst_1283 103 90 10
inst_1284 103 90 11
inst_1285 103 90 8
inst_1286 103 90 9
inst_1287 103 90 6
inst_1288 103 90 7
inst_1289 103 90 4
inst_1290 103 90 5
inst_1291 103 90 2
inst_1292 103 90 3
inst_1293 103 60 24
inst_1294 103 60 25
inst_1295 103 60 22
inst_1296 103 60 23
inst_1297 103 60 20
inst_1298 103 60 21
inst_1299 103 60 18
inst_1300 103 60 19
inst_1301 103 60 16
inst_1302 103 60 17
inst_1303 103 60 14
inst_1304 103 60 15
inst_1305 103 60 12
inst_1306 103 60 13
inst_1307 103 60 10
inst_1308 103 60 11
inst_1309 103 60 8
inst_1310 103 60 9
inst_1311 103 60 6
inst_1312 103 60 7
inst_1313 103 60 4
inst_1314 103 60 5
inst_1315 103 60 2
inst_1316 103 60 3
inst_1317 103 90 0
inst_1318 103 90 1
inst_1319 61 209 10
inst_1320 78 208 1
inst_1321 58 211 3
inst_1322 63 209 13
inst_1323 59 213 0
inst_1324 57 213 10
inst_1325 72 209 2
inst_1326 60 212 10
inst_1327 77 204 2
inst_1328 72 208 1
inst_1329 63 209 14
inst_1330 64 206 10
inst_1331 83 196 15
inst_1332 88 215 5
inst_1333 88 209 12
inst_1334 86 204 6
inst_1335 80 208 4
inst_1336 86 209 6
inst_1337 87 214 6
inst_1338 85 208 11
inst_1339 85 213 1
inst_1340 85 213 0
inst_1341 88 213 9
inst_1342 77 210 5
inst_1343 90 218 5
inst_1344 75 206 4
inst_1345 88 207 9
inst_1346 86 206 4
inst_1347 85 210 6
inst_1348 90 217 10
inst_1349 85 215 14
inst_1350 92 204 3
inst_1351 92 205 4
inst_1352 90 217 7
inst_1353 77 211 9
inst_1354 90 201 15
inst_1355 91 202 9
inst_1356 91 201 14
inst_1357 88 201 1
inst_1358 88 203 1
inst_1359 91 201 13
inst_1360 90 201 1
inst_1361 88 210 3
inst_1362 94 210 4
inst_1363 90 205 2
inst_1364 72 210 14
inst_1365 86 206 11
inst_1366 86 211 13
inst_1367 86 205 11
inst_1368 90 206 3
inst_1369 87 213 0
inst_1370 86 205 9
inst_1371 86 212 11
inst_1372 87 212 9
inst_1373 87 208 15
inst_1374 85 212 5
inst_1375 77 211 5
inst_1376 59 221 5
inst_1377 59 213 11
inst_1378 61 215 8
inst_1379 63 213 5
inst_1380 63 220 10
inst_1381 60 217 0
inst_1382 60 212 2
inst_1383 60 218 4
inst_1384 61 218 7
inst_1385 69 211 7
inst_1386 69 209 1
inst_1387 92 218 15
inst_1388 86 212 4
inst_1389 85 216 8
inst_1390 86 216 0
inst_1391 86 213 0
inst_1392 91 217 9
inst_1393 88 205 7
inst_1394 87 214 0
inst_1395 87 211 0
inst_1396 88 220 13
inst_1397 69 204 14
inst_1398 94 189 15
inst_1399 91 207 13
inst_1400 88 198 13
inst_1401 86 204 15
inst_1402 91 203 4
inst_1403 94 189 7
inst_1404 88 207 14
inst_1405 90 206 15
inst_1406 90 204 2
inst_1407 85 211 10
inst_1408 83 199 7
inst_1409 91 203 14
inst_1410 85 204 14
inst_1411 87 205 4
inst_1412 87 206 2
inst_1413 86 203 14
inst_1414 86 205 0
inst_1415 87 206 6
inst_1416 88 204 3
inst_1417 85 203 6
inst_1418 90 210 12
inst_1419 64 203 12
inst_1420 60 213 0
inst_1421 64 209 8
inst_1422 57 218 8
inst_1423 58 217 6
inst_1424 60 214 11
inst_1425 70 209 4
inst_1426 57 216 9
inst_1427 63 208 3
inst_1428 64 210 6
inst_1429 61 211 1
inst_1430 75 204 15
inst_1431 61 215 10
inst_1432 75 219 0
inst_1433 69 218 8
inst_1434 69 218 12
inst_1435 68 210 15
inst_1436 74 218 14
inst_1437 75 219 7
inst_1438 58 209 5
inst_1439 58 207 8
inst_1440 61 215 15
inst_1441 77 198 13
inst_1442 69 211 8
inst_1443 75 214 1
inst_1444 75 215 13
inst_1445 76 213 8
inst_1446 73 214 1
inst_1447 76 215 3
inst_1448 76 212 10
inst_1449 77 214 4
inst_1450 79 216 9
inst_1451 70 212 5
inst_1452 78 199 4
inst_1453 106 220 11
inst_1454 77 218 13
inst_1455 76 218 4
inst_1456 80 216 13
inst_1457 77 218 15
inst_1458 77 212 9
inst_1459 80 216 12
inst_1460 64 218 9
inst_1461 69 215 7
inst_1462 77 217 15
inst_1463 75 202 15
inst_1464 68 207 1
inst_1465 69 214 2
inst_1466 69 210 8
inst_1467 64 208 8
inst_1468 69 210 0
inst_1469 58 210 5
inst_1470 60 213 8
inst_1471 68 212 0
inst_1472 69 210 11
inst_1473 58 210 12
inst_1474 72 207 1
inst_1475 73 200 11
inst_1476 88 189 0
inst_1477 91 196 2
inst_1478 84 199 12
inst_1479 91 188 0
inst_1480 91 195 10
inst_1481 86 200 10
inst_1482 92 188 12
inst_1483 92 195 9
inst_1484 92 196 8
inst_1485 84 190 0
inst_1486 76 213 14
inst_1487 76 216 15
inst_1488 101 44 8
inst_1489 98 47 5
inst_1490 97 46 0
inst_1491 97 46 13
inst_1492 98 46 9
inst_1493 98 45 14
inst_1494 98 46 14
inst_1495 101 46 14
inst_1496 100 46 12
inst_1497 101 45 7
inst_1498 75 217 12
inst_1499 60 213 13
inst_1500 74 216 1
inst_1501 91 198 13
inst_1502 84 194 7
inst_1503 87 190 6
inst_1504 87 196 10
inst_1505 86 179 3
inst_1506 87 195 0
inst_1507 87 194 6
inst_1508 101 45 9
inst_1509 101 48 1
inst_1510 91 195 0
inst_1511 73 215 13
inst_1512 69 213 5
inst_1513 69 213 4
inst_1514 73 200 6
inst_1515 90 195 3
inst_1516 90 199 10
inst_1517 92 198 1
inst_1518 92 206 2
inst_1519 85 206 4
inst_1520 90 196 2
inst_1521 86 204 14
inst_1522 85 202 11
inst_1523 86 190 8
inst_1524 91 192 14
inst_1525 78 200 13
inst_1526 74 213 12
inst_1527 58 211 13
inst_1528 58 211 14
inst_1529 59 210 4
inst_1530 58 210 11
inst_1531 74 214 12
inst_1532 70 216 3
inst_1533 77 214 14
inst_1534 63 216 14
inst_1535 60 214 7
inst_1536 79 204 0
inst_1537 61 217 9
inst_1538 68 216 10
inst_1539 61 218 6
inst_1540 61 219 0
inst_1541 69 216 4
inst_1542 63 219 7
inst_1543 68 217 4
inst_1544 64 215 10
inst_1545 59 205 6
inst_1546 68 218 10
inst_1547 79 203 1
inst_1548 59 205 10
inst_1549 59 214 11
inst_1550 76 213 3
inst_1551 70 211 0
inst_1552 59 214 10
inst_1553 60 208 8
inst_1554 70 214 9
inst_1555 59 216 9
inst_1556 61 213 3
inst_1557 59 208 5
inst_1558 73 203 4
inst_1559 76 201 10
inst_1560 75 204 14
inst_1561 60 216 14
inst_1562 70 214 4
inst_1563 68 212 1
inst_1564 68 211 14
inst_1565 69 214 9
inst_1566 60 216 10
inst_1567 68 214 13
inst_1568 69 208 1
inst_1569 69 210 1
inst_1570 61 213 9
inst_1571 77 204 12
inst_1572 74 216 3
inst_1573 64 209 14
inst_1574 73 212 13
inst_1575 60 216 12
inst_1576 64 207 10
inst_1577 73 212 10
inst_1578 63 211 2
inst_1579 60 210 1
inst_1580 60 210 6
inst_1581 72 214 9
inst_1582 79 204 15
inst_1583 58 208 4
inst_1584 79 211 0
inst_1585 59 205 7
inst_1586 59 205 5
inst_1587 70 210 4
inst_1588 58 208 1
inst_1589 77 211 4
inst_1590 76 211 1
inst_1591 70 211 13
inst_1592 68 215 10
inst_1593 78 204 7
inst_1594 57 216 11
inst_1595 61 211 6
inst_1596 58 214 11
inst_1597 55 218 5
inst_1598 61 211 7
inst_1599 56 214 0
inst_1600 59 215 11
inst_1601 61 209 6
inst_1602 61 209 1
inst_1603 74 214 14
inst_1604 78 204 15
inst_1605 61 215 2
inst_1606 57 214 6
inst_1607 58 214 13
inst_1608 57 219 6
inst_1609 59 214 3
inst_1610 57 217 4
inst_1611 60 219 4
inst_1612 57 213 4
inst_1613 60 219 8
inst_1614 60 214 14
inst_1615 83 196 13
inst_1616 63 219 13
inst_1617 75 211 1
inst_1618 63 218 5
inst_1619 63 218 6
inst_1620 69 215 12
inst_1621 64 219 2
inst_1622 61 218 0
inst_1623 68 216 1
inst_1624 69 217 4
inst_1625 61 219 8
inst_1626 79 203 13
inst_1627 74 205 3
inst_1628 57 218 11
inst_1629 58 217 3
inst_1630 58 218 7
inst_1631 58 217 2
inst_1632 57 218 3
inst_1633 58 218 6
inst_1634 73 214 8
inst_1635 73 214 14
inst_1636 61 203 11
inst_1637 78 203 3
inst_1638 73 209 2
inst_1639 64 215 15
inst_1640 69 210 7
inst_1641 69 211 12
inst_1642 64 215 6
inst_1643 75 211 5
inst_1644 73 211 0
inst_1645 63 213 6
inst_1646 60 213 14
inst_1647 60 219 7
inst_1648 83 202 15
inst_1649 59 214 5
inst_1650 61 219 15
inst_1651 61 219 14
inst_1652 60 218 14
inst_1653 61 218 3
inst_1654 61 219 10
inst_1655 61 218 4
inst_1656 95 211 9
inst_1657 87 217 5
inst_1658 60 214 8
inst_1659 77 199 0
inst_1660 56 204 8
inst_1661 60 206 0
inst_1662 60 206 3
inst_1663 56 208 12
inst_1664 72 209 3
inst_1665 57 203 15
inst_1666 64 209 12
inst_1667 70 210 1
inst_1668 61 207 12
inst_1669 56 204 6
inst_1670 72 206 8
inst_1671 78 217 2
inst_1672 75 212 8
inst_1673 80 215 7
inst_1674 75 216 0
inst_1675 76 213 15
inst_1676 76 216 1
inst_1677 75 216 1
inst_1678 75 212 2
inst_1679 77 213 14
inst_1680 78 218 13
inst_1681 72 203 1
inst_1682 74 207 14
inst_1683 92 195 1
inst_1684 92 198 8
inst_1685 87 206 1
inst_1686 92 199 7
inst_1687 93 197 3
inst_1688 92 195 15
inst_1689 94 198 9
inst_1690 87 204 4
inst_1691 92 204 13
inst_1692 91 195 15
inst_1693 83 196 1
inst_1694 75 207 2
inst_1695 86 196 12
inst_1696 86 196 10
inst_1697 86 196 14
inst_1698 87 193 11
inst_1699 87 200 12
inst_1700 87 194 4
inst_1701 87 198 14
inst_1702 86 199 5
inst_1703 86 195 3
inst_1704 88 195 14
inst_1705 72 205 11
inst_1706 86 179 10
inst_1707 101 46 9
inst_1708 101 47 6
inst_1709 101 48 6
inst_1710 101 46 15
inst_1711 86 179 15
inst_1712 101 47 0
inst_1713 101 45 3
inst_1714 100 44 11
inst_1715 86 195 6
inst_1716 75 200 11
inst_1717 74 210 3
inst_1718 84 204 10
inst_1719 91 196 14
inst_1720 86 193 15
inst_1721 86 197 2
inst_1722 93 188 0
inst_1723 86 191 8
inst_1724 87 190 5
inst_1725 91 196 13
inst_1726 87 195 2
inst_1727 91 206 9
inst_1728 83 196 0
inst_1729 100 44 13
inst_1730 100 46 9
inst_1731 98 46 3
inst_1732 98 46 5
inst_1733 97 46 11
inst_1734 98 44 11
inst_1735 100 45 13
inst_1736 100 45 1
inst_1737 100 46 3
inst_1738 100 44 5
inst_1739 76 200 15
inst_1740 76 200 9
inst_1741 75 206 7
inst_1742 80 203 9
inst_1743 84 202 13
inst_1744 85 198 13
inst_1745 90 193 14
inst_1746 90 196 4
inst_1747 90 204 15
inst_1748 90 193 0
inst_1749 90 197 9
inst_1750 90 197 11
inst_1751 80 201 13
inst_1752 73 206 15
inst_1753 74 216 14
inst_1754 75 218 6
inst_1755 75 216 6
inst_1756 73 220 3
inst_1757 70 214 8
inst_1758 75 216 2
inst_1759 76 216 0
inst_1760 70 214 3
inst_1761 72 213 9
inst_1762 76 217 1
inst_1763 72 207 0
inst_1764 77 216 6
inst_1765 78 217 14
inst_1766 101 220 15
inst_1767 101 220 7
inst_1768 77 218 8
inst_1769 92 218 12
inst_1770 106 219 14
inst_1771 78 215 8
inst_1772 78 218 11
inst_1773 77 215 5
inst_1774 78 198 10
inst_1775 83 200 1
inst_1776 75 206 9
inst_1777 90 201 0
inst_1778 79 209 11
inst_1779 86 213 7
inst_1780 91 202 1
inst_1781 87 216 14
inst_1782 85 210 7
inst_1783 88 201 10
inst_1784 88 201 4
inst_1785 75 205 6
inst_1786 79 211 5
inst_1787 90 203 15
inst_1788 88 206 14
inst_1789 90 207 4
inst_1790 90 207 7
inst_1791 87 213 7
inst_1792 90 202 4
inst_1793 91 207 2
inst_1794 85 212 3
inst_1795 87 212 8
inst_1796 88 204 6
inst_1797 78 210 3
inst_1798 88 218 3
inst_1799 88 211 4
inst_1800 85 215 10
inst_1801 84 219 4
inst_1802 88 213 10
inst_1803 92 217 8
inst_1804 85 218 5
inst_1805 87 215 13
inst_1806 85 207 14
inst_1807 92 210 5
inst_1808 78 202 3
inst_1809 80 206 6
inst_1810 88 212 2
inst_1811 88 215 2
inst_1812 88 208 5
inst_1813 87 210 3
inst_1814 80 208 1
inst_1815 87 208 2
inst_1816 86 209 4
inst_1817 87 209 10
inst_1818 88 208 14
inst_1819 79 210 1
inst_1820 85 213 14
inst_1821 88 203 3
inst_1822 91 209 9
inst_1823 88 199 14
inst_1824 88 204 10
inst_1825 87 211 11
inst_1826 88 199 3
inst_1827 88 206 1
inst_1828 90 209 6
inst_1829 87 214 8
inst_1830 78 210 14
inst_1831 91 202 3
inst_1832 90 204 5
inst_1833 86 204 8
inst_1834 85 204 5
inst_1835 94 211 11
inst_1836 92 202 8
inst_1837 85 204 8
inst_1838 94 211 8
inst_1839 91 206 1
inst_1840 90 202 9
inst_1841 82 203 1
inst_1842 86 211 9
inst_1843 86 206 1
inst_1844 85 213 4
inst_1845 85 213 8
inst_1846 85 207 10
inst_1847 86 210 14
inst_1848 85 211 13
inst_1849 86 206 12
inst_1850 86 209 14
inst_1851 86 210 1
inst_1852 69 209 12
inst_1853 90 201 13
inst_1854 88 201 14
inst_1855 91 207 12
inst_1856 88 208 13
inst_1857 91 200 3
inst_1858 90 201 2
inst_1859 91 204 9
inst_1860 91 204 11
inst_1861 83 199 4
inst_1862 88 204 12
inst_1863 83 196 5
inst_1864 90 206 8
inst_1865 87 205 3
inst_1866 86 205 5
inst_1867 87 207 3
inst_1868 80 204 9
inst_1869 87 205 7
inst_1870 88 205 14
inst_1871 80 203 2
inst_1872 80 204 6
inst_1873 91 210 1
inst_1874 78 208 9
inst_1875 90 217 12
inst_1876 90 217 11
inst_1877 90 215 12
inst_1878 90 215 6
inst_1879 88 209 13
inst_1880 90 215 7
inst_1881 87 217 2
inst_1882 88 216 2
inst_1883 75 205 11
inst_1884 91 216 3
inst_1885 72 207 8
inst_1886 68 211 8
inst_1887 61 213 2
inst_1888 68 213 0
inst_1889 68 211 9
inst_1890 72 216 10
inst_1891 68 211 11
inst_1892 60 212 11
inst_1893 75 216 7
inst_1894 73 200 0
inst_1895 70 213 12
inst_1896 78 198 2
inst_1897 61 216 13
inst_1898 59 211 9
inst_1899 74 214 5
inst_1900 70 216 8
inst_1901 75 214 12
inst_1902 60 214 9
inst_1903 59 211 0
inst_1904 75 214 13
inst_1905 61 217 0
inst_1906 64 218 11
inst_1907 78 198 6
inst_1908 61 217 15
inst_1909 63 216 15
inst_1910 70 217 9
inst_1911 70 218 1
inst_1912 74 217 13
inst_1913 61 217 4
inst_1914 61 221 2
inst_1915 68 217 5
inst_1916 61 210 13
inst_1917 63 216 9
inst_1918 76 203 14
inst_1919 74 201 15
inst_1920 78 199 12
inst_1921 77 215 0
inst_1922 77 219 1
inst_1923 79 216 13
inst_1924 77 219 15
inst_1925 78 219 7
inst_1926 77 216 0
inst_1927 77 219 2
inst_1928 78 219 2
inst_1929 78 216 11
inst_1930 106 220 10
inst_1931 76 201 7
inst_1932 77 214 3
inst_1933 61 217 10
inst_1934 77 214 2
inst_1935 77 214 13
inst_1936 73 213 12
inst_1937 76 214 6
inst_1938 77 214 1
inst_1939 61 217 3
inst_1940 61 217 6
inst_1941 76 214 1
inst_1942 79 199 10
inst_1943 60 214 6
inst_1944 76 215 1
inst_1945 76 215 8
inst_1946 76 215 15
inst_1947 74 213 1
inst_1948 74 215 8
inst_1949 76 215 0
inst_1950 74 213 3
inst_1951 76 218 3
inst_1952 61 215 0
inst_1953 76 206 7
inst_1954 74 214 11
inst_1955 58 211 8
inst_1956 76 219 15
inst_1957 76 218 10
inst_1958 58 211 9
inst_1959 74 214 9
inst_1960 74 217 15
inst_1961 58 211 15
inst_1962 70 215 4
inst_1963 75 217 14
inst_1964 76 204 5
inst_1965 70 217 14
inst_1966 63 219 3
inst_1967 69 218 5
inst_1968 70 218 14
inst_1969 74 218 12
inst_1970 70 217 10
inst_1971 64 218 6
inst_1972 64 217 7
inst_1973 63 217 13
inst_1974 74 218 5
inst_1975 78 198 11
inst_1976 77 217 11
inst_1977 78 219 11
inst_1978 78 215 14
inst_1979 78 218 2
inst_1980 77 220 15
inst_1981 77 218 0
inst_1982 78 218 6
inst_1983 64 218 3
inst_1984 64 216 8
inst_1985 78 216 12
inst_1986 76 206 8
inst_1987 58 211 7
inst_1988 75 215 14
inst_1989 59 211 8
inst_1990 72 217 14
inst_1991 75 214 6
inst_1992 59 211 14
inst_1993 70 217 13
inst_1994 75 215 12
inst_1995 75 214 0
inst_1996 58 211 12
inst_1997 75 201 3
inst_1998 73 217 7
inst_1999 61 213 0
inst_2000 63 217 14
inst_2001 63 217 10
inst_2002 58 214 9
inst_2003 64 217 2
inst_2004 61 214 4
inst_2005 58 209 11
inst_2006 56 203 3
inst_2007 74 219 10
inst_2008 75 201 9
inst_2009 56 204 4
inst_2010 57 206 6
inst_2011 56 204 11
inst_2012 56 204 12
inst_2013 57 207 7
inst_2014 56 203 15
inst_2015 58 206 6
inst_2016 57 207 4
inst_2017 57 208 13
inst_2018 57 203 0
inst_2019 79 199 2
inst_2020 73 215 15
inst_2021 79 215 0
inst_2022 76 215 12
inst_2023 76 216 4
inst_2024 75 216 15
inst_2025 77 215 12
inst_2026 78 216 7
inst_2027 77 216 7
inst_2028 77 217 9
inst_2029 77 215 7
inst_2030 73 205 7
inst_2031 75 218 11
inst_2032 86 179 6
inst_2033 101 47 8
inst_2034 85 179 9
inst_2035 101 47 7
inst_2036 101 47 14
inst_2037 85 179 12
inst_2038 101 47 11
inst_2039 101 47 3
inst_2040 101 46 13
inst_2041 86 179 5
inst_2042 70 213 1
inst_2043 76 216 10
inst_2044 97 46 8
inst_2045 98 46 8
inst_2046 98 46 2
inst_2047 97 46 1
inst_2048 100 45 12
inst_2049 98 45 15
inst_2050 97 45 14
inst_2051 97 45 6
inst_2052 100 45 8
inst_2053 97 46 5
inst_2054 76 216 13
inst_2055 72 212 14
inst_2056 75 219 4
inst_2057 101 45 12
inst_2058 101 45 5
inst_2059 101 49 6
inst_2060 101 49 3
inst_2061 101 46 1
inst_2062 101 45 14
inst_2063 101 49 1
inst_2064 100 44 4
inst_2065 100 44 8
inst_2066 101 46 2
inst_2067 76 215 2
inst_2068 72 213 12
inst_2069 68 213 8
inst_2070 75 218 15
inst_2071 93 181 4
inst_2072 87 195 13
inst_2073 90 194 12
inst_2074 86 195 9
inst_2075 87 193 5
inst_2076 88 195 11
inst_2077 86 199 15
inst_2078 88 193 0
inst_2079 86 179 2
inst_2080 93 181 0
inst_2081 61 203 14
inst_2082 77 210 12
inst_2083 61 215 4
inst_2084 64 208 13
inst_2085 60 215 10
inst_2086 59 217 10
inst_2087 64 208 15
inst_2088 60 215 5
inst_2089 68 208 4
inst_2090 64 208 14
inst_2091 64 208 3
inst_2092 61 214 1
inst_2093 79 208 2
inst_2094 61 220 5
inst_2095 90 216 0
inst_2096 87 217 0
inst_2097 90 216 10
inst_2098 90 217 3
inst_2099 92 209 5
inst_2100 91 216 12
inst_2101 90 216 5
inst_2102 91 216 0
inst_2103 60 218 3
inst_2104 77 210 6
inst_2105 58 213 11
inst_2106 57 214 13
inst_2107 60 219 2
inst_2108 57 213 15
inst_2109 58 214 7
inst_2110 57 219 5
inst_2111 57 213 7
inst_2112 60 209 5
inst_2113 63 209 5
inst_2114 58 213 6
inst_2115 77 210 1
inst_2116 72 209 6
inst_2117 59 220 5
inst_2118 73 208 6
inst_2119 73 211 7
inst_2120 55 220 9
inst_2121 73 208 7
inst_2122 69 210 12
inst_2123 61 214 7
inst_2124 61 216 10
inst_2125 72 209 7
inst_2126 74 207 1
inst_2127 91 209 0
inst_2128 91 209 3
inst_2129 92 209 13
inst_2130 92 210 1
inst_2131 75 205 4
inst_2132 90 209 11
inst_2133 92 209 15
inst_2134 75 205 13
inst_2135 75 205 8
inst_2136 90 218 1
inst_2137 77 210 9
inst_2138 63 209 15
inst_2139 63 216 4
inst_2140 64 209 6
inst_2141 63 209 11
inst_2142 63 215 15
inst_2143 64 209 3
inst_2144 68 210 14
inst_2145 61 214 8
inst_2146 61 214 9
inst_2147 63 211 11
inst_2148 79 211 4
inst_2149 59 213 5
inst_2150 59 218 12
inst_2151 59 212 12
inst_2152 60 213 12
inst_2153 59 219 7
inst_2154 59 212 10
inst_2155 60 214 10
inst_2156 61 219 1
inst_2157 60 218 7
inst_2158 61 216 9
inst_2159 74 205 13
inst_2160 87 216 6
inst_2161 85 210 1
inst_2162 82 210 10
inst_2163 86 205 10
inst_2164 90 210 4
inst_2165 87 216 15
inst_2166 87 216 0
inst_2167 88 210 14
inst_2168 88 210 6
inst_2169 75 206 3
inst_2170 74 210 10
inst_2171 93 202 14
inst_2172 90 200 11
inst_2173 90 201 10
inst_2174 91 201 12
inst_2175 90 203 4
inst_2176 92 203 4
inst_2177 92 202 15
inst_2178 88 203 13
inst_2179 87 203 2
inst_2180 88 210 9
inst_2181 78 202 14
inst_2182 59 216 4
inst_2183 59 215 8
inst_2184 59 217 0
inst_2185 59 217 1
inst_2186 58 212 14
inst_2187 59 216 13
inst_2188 58 216 9
inst_2189 58 215 10
inst_2190 59 215 12
inst_2191 60 216 13
inst_2192 73 202 4
inst_2193 75 207 3
inst_2194 94 210 2
inst_2195 92 218 5
inst_2196 92 218 11
inst_2197 88 217 7
inst_2198 85 216 6
inst_2199 92 217 7
inst_2200 92 217 10
inst_2201 79 217 9
inst_2202 84 216 8
inst_2203 92 210 15
inst_2204 78 200 15
inst_2205 85 206 9
inst_2206 86 206 2
inst_2207 86 206 5
inst_2208 86 208 1
inst_2209 86 206 6
inst_2210 86 205 3
inst_2211 86 210 8
inst_2212 91 207 15
inst_2213 90 207 12
inst_2214 85 206 1
inst_2215 74 205 5
inst_2216 87 214 3
inst_2217 88 207 8
inst_2218 87 215 3
inst_2219 88 211 13
inst_2220 80 207 11
inst_2221 87 211 6
inst_2222 88 211 1
inst_2223 80 207 14
inst_2224 85 208 15
inst_2225 87 214 2
inst_2226 85 196 14
inst_2227 88 218 4
inst_2228 88 215 7
inst_2229 88 212 3
inst_2230 88 210 11
inst_2231 88 216 12
inst_2232 88 216 9
inst_2233 88 214 14
inst_2234 88 213 15
inst_2235 79 218 4
inst_2236 80 207 0
inst_2237 77 200 8
inst_2238 91 207 5
inst_2239 87 213 11
inst_2240 88 206 7
inst_2241 88 206 15
inst_2242 87 212 5
inst_2243 90 207 5
inst_2244 90 206 7
inst_2245 90 207 1
inst_2246 90 211 4
inst_2247 91 207 10
inst_2248 72 210 12
inst_2249 86 217 6
inst_2250 88 211 2
inst_2251 86 217 15
inst_2252 86 203 12
inst_2253 86 211 7
inst_2254 85 217 4
inst_2255 88 213 5
inst_2256 86 211 11
inst_2257 86 211 12
inst_2258 86 216 11
inst_2259 84 196 4
inst_2260 86 208 10
inst_2261 86 210 13
inst_2262 87 209 11
inst_2263 86 208 2
inst_2264 86 207 8
inst_2265 87 209 3
inst_2266 86 209 11
inst_2267 86 207 4
inst_2268 85 211 3
inst_2269 86 207 6
inst_2270 77 200 0
inst_2271 91 212 13
inst_2272 85 205 5
inst_2273 88 197 5
inst_2274 88 198 7
inst_2275 88 204 2
inst_2276 91 213 5
inst_2277 88 198 3
inst_2278 86 204 2
inst_2279 90 203 7
inst_2280 91 213 2
inst_2281 78 200 11
inst_2282 88 203 8
inst_2283 91 204 5
inst_2284 90 208 7
inst_2285 88 209 14
inst_2286 90 204 8
inst_2287 90 209 2
inst_2288 90 204 9
inst_2289 90 206 13
inst_2290 90 208 4
inst_2291 88 199 1
inst_2292 72 210 8
inst_2293 90 204 12
inst_2294 87 214 11
inst_2295 87 204 2
inst_2296 90 203 0
inst_2297 90 211 8
inst_2298 90 202 13
inst_2299 85 204 1
inst_2300 92 208 9
inst_2301 92 210 14
inst_2302 87 203 1
inst_2303 78 199 14
inst_2304 68 212 3
inst_2305 75 213 0
inst_2306 69 213 1
inst_2307 73 212 1
inst_2308 78 215 12
inst_2309 64 213 15
inst_2310 70 211 8
inst_2311 77 216 10
inst_2312 78 217 12
inst_2313 68 211 3
inst_2314 73 205 0
inst_2315 82 203 6
inst_2316 63 212 6
inst_2317 61 213 13
inst_2318 61 207 15
inst_2319 70 207 6
inst_2320 60 216 11
inst_2321 64 210 15
inst_2322 64 207 4
inst_2323 69 212 5
inst_2324 68 212 10
inst_2325 61 207 1
inst_2326 80 202 4
inst_2327 70 211 15
inst_2328 58 214 0
inst_2329 70 211 10
inst_2330 73 212 4
inst_2331 57 216 3
inst_2332 75 211 14
inst_2333 76 214 15
inst_2334 56 216 15
inst_2335 57 216 10
inst_2336 74 212 10
inst_2337 77 210 10
inst_2338 63 218 12
inst_2339 73 216 0
inst_2340 60 216 2
inst_2341 63 218 7
inst_2342 69 216 3
inst_2343 60 215 3
inst_2344 73 216 5
inst_2345 68 216 3
inst_2346 68 217 9
inst_2347 68 219 13
inst_2348 79 204 14
inst_2349 68 215 12
inst_2350 59 205 12
inst_2351 68 215 1
inst_2352 60 207 11
inst_2353 59 205 3
inst_2354 69 216 10
inst_2355 60 207 3
inst_2356 60 208 4
inst_2357 59 205 8
inst_2358 69 216 5
inst_2359 64 210 3
inst_2360 59 212 7
inst_2361 60 211 10
inst_2362 61 212 0
inst_2363 60 212 4
inst_2364 61 211 11
inst_2365 57 212 2
inst_2366 61 212 5
inst_2367 61 212 15
inst_2368 60 211 1
inst_2369 56 214 3
inst_2370 79 203 7
inst_2371 69 211 14
inst_2372 68 209 12
inst_2373 69 212 8
inst_2374 68 211 12
inst_2375 68 209 9
inst_2376 69 209 15
inst_2377 68 214 7
inst_2378 68 208 6
inst_2379 64 215 1
inst_2380 69 212 0
inst_2381 77 204 8
inst_2382 80 211 8
inst_2383 75 212 0
inst_2384 76 214 11
inst_2385 75 213 4
inst_2386 77 212 8
inst_2387 68 210 6
inst_2388 76 214 10
inst_2389 76 212 1
inst_2390 76 212 7
inst_2391 59 205 15
inst_2392 64 209 1
inst_2393 61 213 15
inst_2394 69 209 8
inst_2395 59 202 5
inst_2396 61 209 5
inst_2397 57 217 1
inst_2398 59 202 6
inst_2399 61 209 14
inst_2400 57 217 10
inst_2401 57 219 15
inst_2402 61 212 8
inst_2403 78 202 2
inst_2404 58 218 11
inst_2405 72 212 12
inst_2406 58 217 4
inst_2407 73 214 12
inst_2408 72 212 1
inst_2409 57 218 14
inst_2410 73 214 5
inst_2411 72 212 8
inst_2412 73 212 3
inst_2413 58 219 1
inst_2414 79 203 12
inst_2415 55 208 6
inst_2416 73 212 15
inst_2417 56 208 9
inst_2418 56 208 10
inst_2419 63 214 11
inst_2420 56 207 0
inst_2421 59 216 7
inst_2422 63 214 0
inst_2423 59 215 2
inst_2424 55 208 8
inst_2425 73 202 15
inst_2426 79 200 5
inst_2427 91 204 7
inst_2428 92 205 6
inst_2429 91 204 15
inst_2430 90 206 10
inst_2431 92 204 10
inst_2432 92 203 0
inst_2433 90 205 15
inst_2434 91 203 5
inst_2435 87 203 6
inst_2436 91 205 15
inst_2437 73 216 3
inst_2438 93 197 0
inst_2439 92 204 12
inst_2440 95 194 0
inst_2441 87 205 5
inst_2442 88 206 8
inst_2443 93 197 10
inst_2444 92 205 8
inst_2445 92 206 11
inst_2446 87 206 7
inst_2447 93 197 1
inst_2448 74 216 4
inst_2449 87 206 9
inst_2450 80 201 4
inst_2451 82 203 10
inst_2452 80 203 5
inst_2453 80 201 1
inst_2454 88 204 14
inst_2455 80 203 10
inst_2456 86 203 2
inst_2457 87 204 14
inst_2458 88 205 1
inst_2459 75 215 8
inst_2460 90 205 4
inst_2461 90 195 15
inst_2462 84 202 14
inst_2463 90 193 15
inst_2464 90 197 15
inst_2465 90 195 10
inst_2466 90 196 1
inst_2467 90 195 8
inst_2468 91 195 12
inst_2469 87 204 15
inst_2470 73 216 7
inst_2471 90 199 0
inst_2472 84 190 11
inst_2473 87 204 1
inst_2474 86 204 13
inst_2475 84 190 2
inst_2476 90 199 11
inst_2477 85 203 5
inst_2478 86 193 0
inst_2479 86 193 3
inst_2480 86 205 12
inst_2481 76 200 4
inst_2482 91 203 0
inst_2483 87 205 2
inst_2484 83 203 6
inst_2485 83 203 0
inst_2486 87 205 8
inst_2487 91 204 3
inst_2488 83 203 5
inst_2489 86 205 15
inst_2490 88 205 9
inst_2491 85 200 12
inst_2492 74 217 1
inst_2493 91 197 2
inst_2494 92 199 9
inst_2495 90 197 5
inst_2496 88 205 6
inst_2497 92 198 2
inst_2498 90 196 13
inst_2499 92 199 12
inst_2500 95 198 14
inst_2501 96 198 12
inst_2502 90 195 0
inst_2503 73 210 3
inst_2504 86 192 0
inst_2505 83 190 6
inst_2506 87 195 7
inst_2507 86 197 15
inst_2508 87 190 12
inst_2509 87 200 6
inst_2510 86 200 11
inst_2511 87 190 10
inst_2512 86 200 7
inst_2513 86 194 3
inst_2514 74 210 5
inst_2515 91 188 3
inst_2516 91 199 8
inst_2517 93 188 7
inst_2518 91 196 1
inst_2519 92 188 1
inst_2520 93 188 3
inst_2521 91 194 6
inst_2522 92 188 6
inst_2523 93 180 3
inst_2524 91 188 1
inst_2525 79 200 0
inst_2526 91 207 7
inst_2527 91 205 13
inst_2528 87 209 9
inst_2529 90 201 3
inst_2530 91 204 8
inst_2531 91 207 0
inst_2532 91 205 4
inst_2533 91 201 11
inst_2534 83 203 3
inst_2535 90 208 0
inst_2536 77 198 12
inst_2537 78 217 11
inst_2538 74 216 13
inst_2539 75 216 4
inst_2540 75 216 5
inst_2541 75 212 15
inst_2542 78 217 9
inst_2543 76 216 3
inst_2544 74 212 15
inst_2545 75 212 4
inst_2546 75 217 0
inst_2547 79 198 9
inst_2548 76 211 6
inst_2549 77 215 9
inst_2550 76 212 15
inst_2551 76 212 8
inst_2552 75 214 3
inst_2553 75 211 9
inst_2554 77 213 9
inst_2555 75 214 9
inst_2556 76 215 7
inst_2557 75 212 6
inst_2558 75 201 11
inst_2559 74 201 8
inst_2560 78 208 6
inst_2561 61 213 7
inst_2562 57 204 8
inst_2563 58 210 2
inst_2564 56 203 8
inst_2565 57 204 9
inst_2566 61 211 5
inst_2567 57 204 4
inst_2568 56 204 14
inst_2569 58 206 12
inst_2570 61 211 15
inst_2571 82 203 15
inst_2572 76 213 6
inst_2573 59 217 14
inst_2574 77 212 14
inst_2575 70 212 8
inst_2576 58 216 11
inst_2577 76 213 1
inst_2578 56 214 7
inst_2579 56 216 12
inst_2580 57 213 0
inst_2581 76 213 2
inst_2582 78 208 3
inst_2583 59 215 4
inst_2584 61 207 4
inst_2585 63 208 13
inst_2586 61 208 11
inst_2587 61 208 15
inst_2588 60 215 6
inst_2589 61 207 14
inst_2590 70 209 3
inst_2591 70 210 9
inst_2592 63 210 12
inst_2593 78 211 14
inst_2594 60 216 7
inst_2595 63 219 6
inst_2596 68 210 10
inst_2597 68 210 12
inst_2598 63 219 14
inst_2599 68 210 2
inst_2600 61 215 6
inst_2601 69 215 11
inst_2602 68 215 5
inst_2603 60 216 5
inst_2604 82 203 5
inst_2605 59 212 6
inst_2606 61 209 2
inst_2607 61 212 3
inst_2608 61 212 7
inst_2609 58 218 4
inst_2610 61 210 6
inst_2611 61 212 4
inst_2612 58 218 13
inst_2613 58 217 5
inst_2614 59 214 0
inst_2615 64 210 9
inst_2616 57 204 7
inst_2617 56 207 3
inst_2618 57 207 0
inst_2619 57 207 12
inst_2620 56 208 1
inst_2621 57 207 2
inst_2622 57 208 0
inst_2623 55 208 13
inst_2624 58 210 9
inst_2625 57 204 10
inst_2626 77 211 6
inst_2627 69 216 7
inst_2628 77 211 0
inst_2629 68 215 7
inst_2630 60 208 3
inst_2631 79 211 1
inst_2632 68 215 6
inst_2633 60 208 11
inst_2634 68 210 4
inst_2635 77 212 0
inst_2636 68 216 9
inst_2637 79 211 15
inst_2638 58 218 8
inst_2639 73 211 8
inst_2640 70 215 2
inst_2641 73 212 7
inst_2642 60 215 15
inst_2643 64 209 11
inst_2644 73 212 12
inst_2645 59 217 9
inst_2646 60 216 1
inst_2647 58 217 9
inst_2648 87 197 0
inst_2649 58 215 14
inst_2650 64 208 4
inst_2651 63 216 6
inst_2652 64 213 12
inst_2653 63 209 0
inst_2654 60 216 9
inst_2655 64 210 1
inst_2656 63 210 3
inst_2657 58 215 7
inst_2658 59 217 12
inst_2659 79 204 6
inst_2660 63 217 1
inst_2661 68 217 13
inst_2662 69 217 9
inst_2663 63 217 4
inst_2664 68 217 15
inst_2665 63 217 2
inst_2666 68 218 6
inst_2667 61 210 2
inst_2668 61 210 14
inst_2669 61 219 6
inst_2670 75 200 4
inst_2671 106 221 12
inst_2672 79 215 7
inst_2673 106 220 12
inst_2674 106 220 4
inst_2675 80 216 8
inst_2676 106 220 14
inst_2677 78 215 10
inst_2678 79 216 12
inst_2679 78 218 0
inst_2680 105 221 12
inst_2681 73 203 8
inst_2682 77 200 1
inst_2683 91 205 7
inst_2684 87 206 5
inst_2685 86 206 15
inst_2686 87 203 5
inst_2687 87 207 11
inst_2688 87 206 12
inst_2689 87 205 0
inst_2690 80 204 2
inst_2691 86 203 5
inst_2692 91 203 9
inst_2693 74 217 3
inst_2694 92 194 8
inst_2695 92 188 7
inst_2696 91 199 12
inst_2697 93 188 15
inst_2698 92 188 10
inst_2699 92 195 11
inst_2700 93 180 7
inst_2701 87 194 8
inst_2702 87 194 11
inst_2703 86 200 3
inst_2704 77 200 11
inst_2705 88 206 2
inst_2706 87 204 10
inst_2707 93 197 14
inst_2708 92 198 4
inst_2709 87 205 14
inst_2710 90 203 8
inst_2711 93 198 8
inst_2712 92 206 15
inst_2713 91 206 6
inst_2714 88 205 12
inst_2715 76 217 15
inst_2716 90 206 5
inst_2717 84 204 11
inst_2718 86 203 8
inst_2719 84 204 3
inst_2720 87 199 7
inst_2721 87 206 10
inst_2722 84 204 0
inst_2723 88 201 13
inst_2724 86 190 4
inst_2725 92 206 4
inst_2726 73 214 7
inst_2727 87 199 2
inst_2728 86 179 0
inst_2729 87 196 14
inst_2730 87 194 2
inst_2731 86 179 14
inst_2732 87 194 13
inst_2733 87 194 3
inst_2734 101 49 5
inst_2735 101 48 12
inst_2736 87 193 2
inst_2737 77 200 14
inst_2738 85 198 2
inst_2739 90 197 1
inst_2740 88 206 12
inst_2741 91 197 14
inst_2742 90 196 12
inst_2743 90 193 12
inst_2744 90 197 6
inst_2745 90 195 5
inst_2746 90 203 10
inst_2747 91 203 11
inst_2748 74 216 8
inst_2749 86 192 11
inst_2750 87 198 6
inst_2751 82 190 4
inst_2752 84 190 5
inst_2753 86 199 11
inst_2754 86 194 4
inst_2755 85 199 12
inst_2756 83 193 8
inst_2757 83 190 0
inst_2758 86 193 4
inst_2759 73 215 4
inst_2760 101 47 9
inst_2761 101 45 4
inst_2762 101 47 5
inst_2763 101 45 13
inst_2764 101 45 10
inst_2765 101 47 2
inst_2766 100 55 0
inst_2767 100 44 3
inst_2768 98 46 12
inst_2769 101 49 10
inst_2770 75 218 0
inst_2771 98 45 4
inst_2772 100 45 2
inst_2773 100 45 3
inst_2774 98 45 0
inst_2775 97 45 8
inst_2776 98 45 13
inst_2777 100 45 15
inst_2778 100 46 2
inst_2779 100 45 6
inst_2780 97 46 14
inst_2781 77 200 7
inst_2782 86 204 0
inst_2783 90 203 13
inst_2784 90 204 10
inst_2785 91 208 2
inst_2786 91 201 10
inst_2787 88 200 3
inst_2788 91 200 0
inst_2789 86 203 7
inst_2790 91 205 10
inst_2791 87 197 12
inst_2792 77 198 7
inst_2793 76 217 12
inst_2794 72 213 14
inst_2795 76 217 11
inst_2796 76 217 7
inst_2797 68 211 0
inst_2798 74 218 11
inst_2799 72 213 0
inst_2800 78 217 6
inst_2801 78 216 14
inst_2802 75 217 11
inst_2803 84 198 10
inst_2804 77 217 0
inst_2805 64 218 13
inst_2806 78 218 15
inst_2807 75 217 5
inst_2808 61 216 12
inst_2809 77 218 3
inst_2810 64 218 14
inst_2811 61 216 3
inst_2812 75 217 6
inst_2813 78 219 4
inst_2814 73 205 14
inst_2815 83 196 3
inst_2816 64 215 13
inst_2817 60 213 5
inst_2818 60 214 5
inst_2819 61 216 11
inst_2820 59 218 11
inst_2821 60 213 6
inst_2822 59 213 6
inst_2823 60 218 15
inst_2824 61 218 10
inst_2825 63 216 1
inst_2826 75 209 12
inst_2827 85 216 13
inst_2828 88 212 1
inst_2829 85 216 3
inst_2830 88 204 5
inst_2831 87 215 9
inst_2832 85 216 12
inst_2833 87 203 10
inst_2834 88 211 15
inst_2835 88 207 7
inst_2836 92 218 4
inst_2837 74 207 8
inst_2838 90 216 6
inst_2839 85 205 15
inst_2840 75 205 1
inst_2841 75 205 7
inst_2842 87 216 8
inst_2843 76 205 15
inst_2844 75 206 12
inst_2845 85 210 13
inst_2846 88 210 8
inst_2847 90 216 3
inst_2848 74 204 1
inst_2849 92 202 10
inst_2850 91 201 2
inst_2851 91 201 1
inst_2852 91 201 6
inst_2853 90 201 5
inst_2854 92 203 7
inst_2855 92 201 12
inst_2856 92 202 6
inst_2857 90 204 1
inst_2858 92 203 2
inst_2859 74 207 6
inst_2860 84 207 15
inst_2861 87 216 12
inst_2862 88 216 1
inst_2863 88 212 6
inst_2864 88 214 7
inst_2865 85 208 10
inst_2866 87 216 3
inst_2867 86 210 11
inst_2868 86 202 1
inst_2869 86 207 13
inst_2870 72 209 4
inst_2871 87 207 13
inst_2872 90 217 14
inst_2873 90 210 1
inst_2874 88 217 11
inst_2875 87 218 9
inst_2876 90 210 6
inst_2877 88 217 12
inst_2878 90 218 9
inst_2879 90 218 14
inst_2880 61 218 11
inst_2881 72 209 0
inst_2882 88 203 15
inst_2883 90 205 7
inst_2884 85 204 12
inst_2885 85 204 3
inst_2886 92 209 11
inst_2887 85 204 4
inst_2888 85 204 6
inst_2889 92 211 9
inst_2890 91 218 11
inst_2891 88 203 7
inst_2892 84 196 12
inst_2893 86 207 3
inst_2894 90 207 13
inst_2895 85 213 11
inst_2896 85 206 5
inst_2897 90 206 2
inst_2898 86 211 5
inst_2899 86 206 13
inst_2900 90 206 0
inst_2901 87 212 15
inst_2902 86 209 13
inst_2903 76 200 2
inst_2904 87 211 14
inst_2905 91 208 9
inst_2906 87 211 2
inst_2907 88 207 0
inst_2908 91 213 15
inst_2909 87 210 9
inst_2910 87 212 6
inst_2911 91 213 12
inst_2912 88 207 4
inst_2913 85 212 2
inst_2914 84 196 2
inst_2915 58 213 14
inst_2916 60 213 10
inst_2917 63 215 5
inst_2918 58 213 5
inst_2919 73 208 9
inst_2920 63 215 10
inst_2921 60 213 2
inst_2922 73 208 2
inst_2923 72 209 13
inst_2924 61 213 10
inst_2925 78 198 1
inst_2926 76 216 8
inst_2927 75 215 6
inst_2928 75 214 5
inst_2929 75 212 11
inst_2930 75 215 11
inst_2931 74 215 12
inst_2932 75 212 5
inst_2933 79 216 6
inst_2934 105 220 9
inst_2935 77 216 13
inst_2936 79 203 10
inst_2937 60 212 15
inst_2938 76 213 5
inst_2939 59 211 3
inst_2940 72 217 0
inst_2941 76 214 12
inst_2942 60 211 3
inst_2943 75 213 10
inst_2944 76 213 12
inst_2945 75 213 9
inst_2946 75 216 11
inst_2947 77 210 14
inst_2948 75 212 13
inst_2949 74 218 8
inst_2950 72 213 6
inst_2951 61 217 13
inst_2952 74 217 5
inst_2953 72 212 11
inst_2954 61 217 7
inst_2955 69 218 3
inst_2956 68 219 8
inst_2957 76 213 10
inst_2958 75 201 0
inst_2959 73 202 9
inst_2960 78 204 11
inst_2961 61 207 7
inst_2962 69 211 5
inst_2963 68 210 9
inst_2964 68 214 11
inst_2965 63 218 11
inst_2966 70 210 13
inst_2967 69 212 11
inst_2968 61 219 13
inst_2969 61 219 3
inst_2970 63 208 15
inst_2971 75 202 11
inst_2972 60 215 9
inst_2973 63 211 9
inst_2974 64 212 7
inst_2975 61 214 15
inst_2976 63 211 13
inst_2977 61 214 13
inst_2978 61 214 11
inst_2979 63 209 3
inst_2980 58 216 15
inst_2981 61 214 3
inst_2982 76 204 7
inst_2983 69 210 3
inst_2984 59 213 9
inst_2985 74 212 13
inst_2986 58 215 9
inst_2987 61 213 5
inst_2988 76 212 5
inst_2989 56 216 3
inst_2990 61 212 13
inst_2991 60 211 13
inst_2992 68 210 1
inst_2993 75 201 13
inst_2994 61 209 9
inst_2995 57 217 3
inst_2996 58 218 15
inst_2997 59 218 3
inst_2998 58 217 1
inst_2999 61 209 13
inst_3000 57 217 13
inst_3001 58 218 1
inst_3002 73 213 1
inst_3003 60 211 5
inst_3004 76 203 7
inst_3005 58 212 9
inst_3006 57 212 1
inst_3007 59 214 9
inst_3008 63 215 1
inst_3009 58 214 15
inst_3010 59 213 15
inst_3011 57 212 7
inst_3012 58 214 3
inst_3013 58 214 5
inst_3014 58 215 5
inst_3015 75 201 15
inst_3016 69 216 15
inst_3017 79 211 11
inst_3018 69 215 3
inst_3019 69 216 9
inst_3020 60 208 1
inst_3021 69 215 15
inst_3022 68 215 3
inst_3023 60 208 13
inst_3024 79 211 9
inst_3025 69 216 1
inst_3026 76 202 3
inst_3027 73 212 9
inst_3028 59 218 9
inst_3029 59 216 15
inst_3030 60 215 13
inst_3031 58 215 13
inst_3032 59 216 3
inst_3033 59 217 3
inst_3034 59 215 1
inst_3035 59 212 3
inst_3036 73 213 7
inst_3037 75 202 1
inst_3038 72 209 11
inst_3039 61 216 1
inst_3040 72 208 11
inst_3041 59 224 9
inst_3042 63 216 11
inst_3043 73 209 15
inst_3044 59 223 13
inst_3045 63 216 13
inst_3046 60 212 13
inst_3047 63 213 13
inst_3048 75 201 5
inst_3049 61 216 7
inst_3050 59 219 13
inst_3051 59 212 9
inst_3052 60 218 9
inst_3053 88 217 9
inst_3054 59 213 3
inst_3055 60 218 13
inst_3056 88 217 15
inst_3057 90 216 15
inst_3058 60 212 1
inst_3059 75 204 1
inst_3060 61 211 9
inst_3061 55 207 3
inst_3062 58 209 1
inst_3063 57 204 3
inst_3064 55 208 11
inst_3065 58 209 13
inst_3066 55 207 1
inst_3067 58 216 13
inst_3068 61 208 7
inst_3069 61 210 5
inst_3070 78 198 13
inst_3071 75 215 1
inst_3072 79 216 3
inst_3073 76 215 5
inst_3074 77 216 9
inst_3075 78 216 5
inst_3076 75 214 11
inst_3077 76 215 11
inst_3078 70 214 15
inst_3079 79 215 5
inst_3080 75 215 5
inst_3081 73 204 9
inst_3082 78 211 5
inst_3083 87 196 3
inst_3084 83 190 5
inst_3085 86 190 11
inst_3086 86 192 13
inst_3087 86 200 5
inst_3088 87 200 15
inst_3089 87 197 9
inst_3090 87 190 3
inst_3091 93 188 11
inst_3092 84 199 9
inst_3093 83 196 11
inst_3094 69 209 5
inst_3095 93 180 15
inst_3096 87 194 1
inst_3097 88 195 5
inst_3098 88 197 15
inst_3099 87 190 9
inst_3100 91 194 13
inst_3101 87 194 15
inst_3102 87 193 13
inst_3103 87 195 5
inst_3104 92 186 3
inst_3105 70 209 1
inst_3106 85 179 3
inst_3107 101 46 7
inst_3108 100 48 1
inst_3109 98 47 11
inst_3110 101 48 11
inst_3111 85 179 11
inst_3112 101 48 3
inst_3113 101 55 13
inst_3114 101 55 7
inst_3115 86 179 9
inst_3116 75 207 1
inst_3117 78 210 1
inst_3118 91 198 11
inst_3119 91 195 7
inst_3120 91 195 9
inst_3121 91 196 5
inst_3122 91 199 5
inst_3123 91 196 11
inst_3124 91 195 3
inst_3125 92 188 3
inst_3126 92 188 5
inst_3127 91 197 13
inst_3128 69 209 3
inst_3129 101 44 5
inst_3130 98 45 3
inst_3131 101 44 15
inst_3132 101 45 1
inst_3133 98 45 11
inst_3134 101 44 7
inst_3135 100 44 1
inst_3136 98 46 11
inst_3137 97 45 3
inst_3138 101 44 1
inst_3139 84 196 9
inst_3140 83 197 3
inst_3141 78 210 7
inst_3142 87 204 13
inst_3143 87 203 9
inst_3144 86 204 11
inst_3145 90 204 7
inst_3146 84 204 9
inst_3147 91 206 11
inst_3148 88 199 13
inst_3149 84 204 5
inst_3150 84 204 7
inst_3151 92 199 5
inst_3152 78 199 7
inst_3153 77 200 3
inst_3154 74 216 7
inst_3155 74 215 5
inst_3156 74 217 7
inst_3157 73 215 11
inst_3158 77 200 5
inst_3159 76 216 7
inst_3160 75 218 9
inst_3161 75 218 3
inst_3162 77 200 13
inst_3163 79 199 15
inst_3164 78 218 9
inst_3165 60 214 13
inst_3166 77 218 11
inst_3167 64 218 1
inst_3168 60 214 1
inst_3169 78 217 1
inst_3170 68 217 3
inst_3171 74 215 3
inst_3172 60 211 7
inst_3173 79 216 1
inst_3174 73 204 15
inst_3175 82 202 1
inst_3176 90 201 9
inst_3177 85 204 11
inst_3178 88 203 11
inst_3179 88 202 5
inst_3180 87 213 9
inst_3181 87 203 15
inst_3182 88 202 13
inst_3183 87 213 13
inst_3184 88 213 13
inst_3185 91 201 9
inst_3186 64 210 5
inst_3187 90 207 3
inst_3188 86 212 15
inst_3189 88 206 5
inst_3190 90 207 15
inst_3191 87 212 1
inst_3192 88 207 13
inst_3193 88 205 5
inst_3194 86 212 13
inst_3195 86 213 3
inst_3196 91 213 11
inst_3197 76 204 15
inst_3198 86 217 3
inst_3199 87 215 7
inst_3200 88 209 5
inst_3201 86 211 15
inst_3202 87 215 5
inst_3203 88 210 1
inst_3204 87 215 15
inst_3205 87 215 1
inst_3206 87 215 11
inst_3207 86 217 5
inst_3208 76 204 3
inst_3209 88 215 11
inst_3210 86 208 13
inst_3211 80 207 13
inst_3212 88 212 5
inst_3213 86 208 7
inst_3214 80 208 11
inst_3215 86 210 3
inst_3216 86 208 15
inst_3217 86 208 5
inst_3218 88 215 15
inst_3219 76 210 7
inst_3220 90 209 15
inst_3221 88 198 1
inst_3222 91 208 15
inst_3223 91 206 5
inst_3224 88 198 11
inst_3225 88 211 9
inst_3226 90 205 13
inst_3227 88 197 7
inst_3228 88 200 5
inst_3229 87 213 5
inst_3230 79 203 15
inst_3231 92 210 7
inst_3232 90 208 11
inst_3233 93 210 1
inst_3234 90 208 13
inst_3235 93 210 13
inst_3236 93 210 9
inst_3237 90 210 3
inst_3238 84 219 13
inst_3239 86 216 7
inst_3240 92 211 7
inst_3241 76 204 9
inst_3242 87 209 15
inst_3243 86 212 7
inst_3244 86 210 7
inst_3245 86 207 1
inst_3246 86 212 3
inst_3247 87 210 13
inst_3248 86 212 1
inst_3249 85 212 15
inst_3250 85 206 3
inst_3251 86 208 9
inst_3252 78 204 3
inst_3253 88 209 11
inst_3254 91 205 1
inst_3255 91 203 13
inst_3256 91 203 3
inst_3257 90 203 3
inst_3258 88 209 7
inst_3259 91 205 9
inst_3260 90 202 15
inst_3261 86 205 7
inst_3262 88 209 9
inst_3263 78 210 13
inst_3264 82 203 3
inst_3265 84 202 7
inst_3266 79 203 3
inst_3267 87 204 9
inst_3268 88 206 11
inst_3269 79 203 9
inst_3270 85 198 1
inst_3271 90 205 9
inst_3272 92 199 1
inst_3273 88 205 3
inst_3274 83 203 15
inst_3275 90 217 1
inst_3276 75 205 15
inst_3277 91 216 7
inst_3278 88 209 1
inst_3279 92 203 9
inst_3280 91 216 5
inst_3281 88 205 11
inst_3282 93 203 3
inst_3283 87 205 13
inst_3284 91 217 3
inst_3285 78 199 11
inst_3286 72 213 3
inst_3287 78 216 3
inst_3288 70 211 3
inst_3289 78 216 1
inst_3290 75 216 13
inst_3291 68 213 5
inst_3292 77 216 3
inst_3293 77 213 7
inst_3294 75 214 15
inst_3295 76 217 9
inst_3296 78 199 1
inst_3297 58 211 5
inst_3298 75 213 15
inst_3299 70 216 11
inst_3300 72 217 13
inst_3301 77 214 11
inst_3302 59 211 13
inst_3303 72 217 5
inst_3304 68 217 1
inst_3305 69 218 11
inst_3306 60 211 15
inst_3307 79 198 15
inst_3308 69 218 7
inst_3309 63 217 7
inst_3310 70 218 3
inst_3311 61 220 15
inst_3312 75 219 9
inst_3313 70 218 11
inst_3314 61 220 1
inst_3315 75 219 15
inst_3316 61 210 9
inst_3317 69 218 1
inst_3318 74 204 7
inst_3319 103 0 48
inst_3320 103 0 45
inst_3321 103 0 44
inst_3322 103 0 41
inst_3323 103 0 40
inst_3324 103 0 37
inst_3325 103 0 36
inst_3326 103 0 33
inst_3327 103 0 32
inst_3328 103 0 29
inst_3329 103 0 28
inst_3330 103 0 25
inst_3331 103 0 24
inst_3332 103 0 21
inst_3333 103 0 20
inst_3334 103 0 17
inst_3335 103 0 16
inst_3336 103 0 13
inst_3337 103 0 12
inst_3338 103 0 9
inst_3340 103 0 49
